374.0	32.0 	6
487.0	332.0 	5
313.0	72.0 	1
243.0	392.0 	4
317.0	438.0 	5
440.0	20.0 	6
50.0	213.0 	3
413.0	149.0 	6
225.0	228.0 	1
487.0	14.0 	6
113.0	453.0 	4
458.0	246.0 	2
242.0	137.0 	1
396.0	31.0 	6
170.0	342.0 	4
164.0	110.0 	1
320.0	93.0 	1
76.0	317.0 	4
165.0	383.0 	4
102.0	395.0 	4
269.0	381.0 	5
343.0	467.0 	5
108.0	376.0 	4
104.0	64.0 	3
369.0	265.0 	2
410.0	167.0 	6
238.0	24.0 	1
369.0	250.0 	2
421.0	422.0 	5
346.0	143.0 	6
353.0	258.0 	2
310.0	48.0 	1
215.0	203.0 	1
486.0	397.0 	5
410.0	129.0 	6
383.0	432.0 	5
491.0	331.0 	5
437.0	158.0 	6
2.0	301.0 	4
190.0	47.0 	1
474.0	383.0 	5
189.0	233.0 	3
267.0	487.0 	5
55.0	397.0 	4
109.0	216.0 	3
247.0	259.0 	2
105.0	234.0 	3
458.0	437.0 	5
113.0	331.0 	4
311.0	361.0 	2
182.0	487.0 	4
371.0	13.0 	6
303.0	210.0 	2
321.0	216.0 	2
310.0	351.0 	2
152.0	300.0 	4
392.0	33.0 	6
179.0	441.0 	4
330.0	57.0 	6
251.0	293.0 	2
81.0	228.0 	3
161.0	457.0 	4
466.0	363.0 	5
223.0	70.0 	1
186.0	286.0 	4
372.0	227.0 	2
203.0	117.0 	1
72.0	231.0 	3
30.0	463.0 	4
371.0	144.0 	6
33.0	461.0 	4
32.0	158.0 	3
286.0	357.0 	2
209.0	447.0 	4
342.0	394.0 	5
453.0	327.0 	5
298.0	315.0 	2
317.0	263.0 	2
73.0	299.0 	4
101.0	307.0 	4
310.0	51.0 	1
110.0	317.0 	4
165.0	212.0 	3
122.0	132.0 	3
108.0	270.0 	4
445.0	178.0 	6
257.0	326.0 	2
186.0	179.0 	1
332.0	180.0 	2
284.0	170.0 	1
192.0	47.0 	1
172.0	35.0 	1
266.0	236.0 	2
450.0	329.0 	5
118.0	37.0 	3
429.0	217.0 	2
86.0	450.0 	4
204.0	100.0 	1
181.0	70.0 	1
413.0	124.0 	6
134.0	316.0 	4
329.0	262.0 	2
5.0	270.0 	3
23.0	12.0 	3
253.0	47.0 	1
101.0	463.0 	4
81.0	253.0 	3
365.0	385.0 	5
198.0	458.0 	4
240.0	442.0 	4
453.0	161.0 	6
215.0	14.0 	1
224.0	215.0 	1
460.0	126.0 	6
199.0	87.0 	1
448.0	93.0 	6
169.0	480.0 	4
157.0	313.0 	4
72.0	133.0 	3
107.0	312.0 	4
423.0	258.0 	2
84.0	124.0 	3
31.0	436.0 	4
364.0	418.0 	5
283.0	91.0 	1
434.0	184.0 	6
49.0	237.0 	3
351.0	493.0 	5
165.0	188.0 	3
109.0	47.0 	3
392.0	303.0 	2
177.0	451.0 	4
410.0	439.0 	5
139.0	368.0 	4
110.0	476.0 	4
257.0	436.0 	4
274.0	273.0 	2
248.0	225.0 	2
99.0	219.0 	3
252.0	19.0 	1
498.0	248.0 	2
47.0	350.0 	4
229.0	295.0 	2
252.0	189.0 	1
429.0	227.0 	2
102.0	244.0 	3
405.0	295.0 	2
352.0	172.0 	2
42.0	130.0 	3
461.0	461.0 	5
93.0	117.0 	3
154.0	67.0 	1
492.0	408.0 	5
164.0	284.0 	4
61.0	204.0 	3
332.0	274.0 	2
97.0	245.0 	3
82.0	178.0 	3
411.0	241.0 	2
256.0	46.0 	1
444.0	450.0 	5
103.0	154.0 	3
426.0	417.0 	5
188.0	354.0 	4
428.0	411.0 	5
91.0	74.0 	3
261.0	375.0 	4
172.0	145.0 	1
422.0	244.0 	2
285.0	94.0 	1
255.0	347.0 	2
203.0	193.0 	1
428.0	361.0 	5
476.0	302.0 	2
188.0	267.0 	4
405.0	332.0 	5
132.0	423.0 	4
464.0	19.0 	6
31.0	368.0 	4
450.0	212.0 	2
87.0	74.0 	3
227.0	426.0 	4
273.0	225.0 	2
133.0	31.0 	3
47.0	92.0 	3
319.0	385.0 	5
55.0	106.0 	3
359.0	283.0 	2
95.0	20.0 	3
84.0	242.0 	3
436.0	383.0 	5
46.0	389.0 	4
122.0	126.0 	3
420.0	431.0 	5
196.0	420.0 	4
446.0	418.0 	5
344.0	229.0 	2
222.0	40.0 	1
391.0	186.0 	2
313.0	351.0 	2
463.0	409.0 	5
287.0	56.0 	1
226.0	282.0 	2
208.0	282.0 	4
361.0	60.0 	6
95.0	293.0 	4
378.0	318.0 	2
349.0	104.0 	6
449.0	175.0 	6
371.0	410.0 	5
22.0	431.0 	4
464.0	161.0 	6
10.0	110.0 	3
254.0	222.0 	2
320.0	205.0 	2
388.0	378.0 	5
182.0	220.0 	3
416.0	235.0 	2
27.0	237.0 	3
438.0	122.0 	6
38.0	275.0 	4
317.0	142.0 	1
353.0	450.0 	5
16.0	266.0 	3
393.0	371.0 	5
62.0	67.0 	3
25.0	162.0 	3
61.0	291.0 	4
365.0	92.0 	6
188.0	50.0 	1
367.0	0.0 	6
130.0	224.0 	3
453.0	35.0 	6
389.0	482.0 	5
121.0	107.0 	3
267.0	209.0 	2
184.0	214.0 	3
141.0	265.0 	4
319.0	239.0 	2
57.0	428.0 	4
241.0	156.0 	1
217.0	443.0 	4
380.0	70.0 	6
481.0	305.0 	5
405.0	201.0 	2
96.0	294.0 	4
348.0	452.0 	5
336.0	375.0 	5
374.0	135.0 	6
306.0	85.0 	1
104.0	107.0 	3
469.0	416.0 	5
376.0	485.0 	5
233.0	179.0 	1
405.0	259.0 	2
168.0	311.0 	4
205.0	386.0 	4
361.0	156.0 	6
488.0	370.0 	5
484.0	7.0 	6
406.0	84.0 	6
388.0	495.0 	5
87.0	175.0 	3
351.0	38.0 	6
469.0	94.0 	6
44.0	101.0 	3
73.0	108.0 	3
286.0	237.0 	2
490.0	141.0 	6
159.0	8.0 	1
285.0	48.0 	1
471.0	224.0 	2
92.0	184.0 	3
33.0	88.0 	3
26.0	206.0 	3
102.0	61.0 	3
0.0	166.0 	3
32.0	357.0 	4
125.0	18.0 	3
122.0	321.0 	4
21.0	186.0 	3
180.0	132.0 	1
195.0	33.0 	1
466.0	134.0 	6
230.0	155.0 	1
121.0	187.0 	3
259.0	284.0 	2
45.0	39.0 	3
496.0	57.0 	6
255.0	171.0 	1
87.0	272.0 	4
351.0	202.0 	2
412.0	80.0 	6
317.0	304.0 	2
11.0	352.0 	4
496.0	296.0 	5
260.0	281.0 	2
418.0	351.0 	5
60.0	475.0 	4
447.0	358.0 	5
131.0	61.0 	3
442.0	370.0 	5
181.0	124.0 	1
386.0	41.0 	6
47.0	270.0 	3
389.0	406.0 	5
100.0	88.0 	3
459.0	332.0 	5
122.0	77.0 	3
188.0	361.0 	4
445.0	120.0 	6
482.0	370.0 	5
336.0	129.0 	6
466.0	365.0 	5
187.0	476.0 	4
369.0	117.0 	6
217.0	166.0 	1
158.0	449.0 	4
207.0	76.0 	1
76.0	79.0 	3
423.0	499.0 	5
327.0	125.0 	1
387.0	363.0 	5
60.0	457.0 	4
234.0	342.0 	4
24.0	39.0 	3
447.0	161.0 	6
399.0	413.0 	5
414.0	407.0 	5
455.0	436.0 	5
269.0	433.0 	5
416.0	489.0 	5
452.0	275.0 	2
305.0	279.0 	2
108.0	357.0 	4
360.0	250.0 	2
470.0	438.0 	5
249.0	143.0 	1
252.0	102.0 	1
394.0	81.0 	6
73.0	472.0 	4
375.0	430.0 	5
245.0	58.0 	1
185.0	161.0 	1
303.0	398.0 	5
461.0	111.0 	6
172.0	398.0 	4
212.0	40.0 	1
477.0	34.0 	6
295.0	376.0 	5
141.0	179.0 	3
229.0	108.0 	1
264.0	172.0 	1
323.0	191.0 	2
2.0	103.0 	3
4.0	166.0 	3
475.0	351.0 	5
448.0	99.0 	6
215.0	17.0 	1
427.0	51.0 	6
80.0	208.0 	3
428.0	139.0 	6
285.0	349.0 	2
288.0	392.0 	5
79.0	139.0 	3
238.0	347.0 	4
94.0	273.0 	4
95.0	341.0 	4
476.0	27.0 	6
390.0	414.0 	5
241.0	140.0 	1
229.0	158.0 	1
227.0	124.0 	1
52.0	30.0 	3
81.0	44.0 	3
142.0	479.0 	4
82.0	266.0 	3
297.0	69.0 	1
112.0	180.0 	3
186.0	465.0 	4
310.0	290.0 	2
421.0	275.0 	2
127.0	424.0 	4
470.0	112.0 	6
55.0	151.0 	3
179.0	241.0 	3
125.0	92.0 	3
192.0	439.0 	4
347.0	159.0 	6
2.0	12.0 	3
207.0	293.0 	4
26.0	329.0 	4
398.0	73.0 	6
422.0	419.0 	5
263.0	207.0 	1
45.0	160.0 	3
105.0	198.0 	3
244.0	404.0 	4
29.0	183.0 	3
71.0	396.0 	4
24.0	413.0 	4
491.0	466.0 	5
69.0	466.0 	4
300.0	291.0 	2
278.0	341.0 	2
440.0	331.0 	5
393.0	253.0 	2
8.0	56.0 	3
412.0	145.0 	6
145.0	495.0 	4
193.0	298.0 	4
135.0	239.0 	3
159.0	285.0 	4
26.0	448.0 	4
259.0	82.0 	1
237.0	11.0 	1
262.0	43.0 	1
248.0	417.0 	4
80.0	327.0 	4
347.0	442.0 	5
5.0	235.0 	3
407.0	48.0 	6
163.0	475.0 	4
123.0	238.0 	3
130.0	461.0 	4
37.0	117.0 	3
271.0	335.0 	2
136.0	324.0 	4
383.0	448.0 	5
17.0	356.0 	4
285.0	414.0 	5
173.0	480.0 	4
237.0	288.0 	2
17.0	165.0 	3
128.0	368.0 	4
437.0	409.0 	5
183.0	244.0 	3
89.0	383.0 	4
409.0	360.0 	5
253.0	124.0 	1
126.0	416.0 	4
293.0	409.0 	5
279.0	237.0 	2
142.0	235.0 	3
36.0	15.0 	3
366.0	5.0 	6
371.0	313.0 	2
114.0	110.0 	3
147.0	24.0 	1
59.0	363.0 	4
65.0	229.0 	3
40.0	81.0 	3
212.0	344.0 	4
40.0	225.0 	3
414.0	472.0 	5
365.0	91.0 	6
7.0	356.0 	4
471.0	146.0 	6
19.0	142.0 	3
237.0	196.0 	1
86.0	112.0 	3
122.0	46.0 	3
384.0	65.0 	6
314.0	319.0 	2
449.0	219.0 	2
385.0	277.0 	2
290.0	124.0 	1
32.0	298.0 	4
126.0	197.0 	3
337.0	465.0 	5
467.0	56.0 	6
463.0	170.0 	6
409.0	244.0 	2
441.0	230.0 	2
204.0	375.0 	4
424.0	121.0 	6
400.0	37.0 	6
451.0	170.0 	6
270.0	90.0 	1
109.0	218.0 	3
415.0	23.0 	6
333.0	144.0 	1
156.0	221.0 	3
100.0	8.0 	3
419.0	107.0 	6
461.0	473.0 	5
313.0	91.0 	1
337.0	319.0 	2
263.0	309.0 	2
467.0	463.0 	5
257.0	273.0 	2
340.0	473.0 	5
347.0	85.0 	6
52.0	488.0 	4
327.0	171.0 	2
74.0	223.0 	3
394.0	115.0 	6
23.0	151.0 	3
81.0	179.0 	3
40.0	391.0 	4
