1831.0	1791.0 	1
446.0	1086.0 	2
810.0	1271.0 	2
682.0	1371.0 	2
1105.0	6.0 	2
10.0	1962.0 	2
1343.0	47.0 	2
796.0	346.0 	2
710.0	1687.0 	2
99.0	573.0 	2
313.0	992.0 	2
1554.0	454.0 	1
583.0	183.0 	2
998.0	441.0 	2
201.0	302.0 	2
1367.0	764.0 	1
1584.0	751.0 	1
231.0	1563.0 	2
1902.0	988.0 	1
1663.0	800.0 	1
1277.0	1697.0 	1
1904.0	986.0 	1
1843.0	1823.0 	1
1141.0	1876.0 	1
853.0	1567.0 	2
1670.0	936.0 	1
322.0	910.0 	2
1242.0	204.0 	2
1264.0	929.0 	1
1151.0	1384.0 	1
1653.0	723.0 	1
313.0	1818.0 	2
1845.0	1829.0 	1
262.0	1579.0 	2
32.0	590.0 	2
1137.0	571.0 	2
1182.0	344.0 	2
895.0	1440.0 	2
597.0	1033.0 	2
1854.0	1693.0 	1
1669.0	1549.0 	1
1825.0	1542.0 	1
373.0	1990.0 	2
1802.0	481.0 	1
85.0	1167.0 	2
952.0	536.0 	2
165.0	169.0 	2
532.0	1924.0 	2
1169.0	302.0 	2
1710.0	1614.0 	1
1983.0	1773.0 	1
1056.0	669.0 	2
975.0	269.0 	2
1900.0	1328.0 	1
105.0	1950.0 	2
582.0	57.0 	2
1460.0	906.0 	1
1273.0	1410.0 	1
1248.0	978.0 	1
823.0	1162.0 	2
245.0	69.0 	2
1857.0	1143.0 	1
446.0	309.0 	2
733.0	917.0 	2
1445.0	1315.0 	1
663.0	1105.0 	2
277.0	279.0 	2
854.0	1266.0 	2
344.0	1600.0 	2
1472.0	1565.0 	1
460.0	582.0 	2
823.0	1.0 	2
233.0	1025.0 	2
490.0	1859.0 	2
356.0	1212.0 	2
878.0	1933.0 	1
29.0	1036.0 	2
663.0	1986.0 	2
951.0	1424.0 	2
1964.0	602.0 	1
549.0	797.0 	2
280.0	430.0 	2
700.0	67.0 	2
990.0	1275.0 	2
1007.0	1676.0 	1
525.0	601.0 	2
1662.0	1952.0 	1
20.0	1346.0 	2
1710.0	389.0 	1
1854.0	1578.0 	1
1690.0	1878.0 	1
1732.0	1298.0 	1
630.0	1208.0 	2
440.0	1258.0 	2
941.0	559.0 	2
243.0	1218.0 	2
1465.0	1562.0 	1
1626.0	1213.0 	1
458.0	1403.0 	2
756.0	871.0 	2
1557.0	760.0 	1
456.0	357.0 	2
1932.0	3.0 	1
794.0	1183.0 	2
35.0	762.0 	2
151.0	573.0 	2
343.0	1587.0 	2
1510.0	370.0 	1
1496.0	719.0 	1
1472.0	943.0 	1
1605.0	38.0 	1
1984.0	384.0 	1
1483.0	108.0 	2
1462.0	797.0 	1
1764.0	687.0 	1
949.0	573.0 	2
774.0	229.0 	2
126.0	842.0 	2
887.0	108.0 	2
1949.0	64.0 	1
223.0	566.0 	2
1568.0	500.0 	1
275.0	1783.0 	2
84.0	1074.0 	2
892.0	1496.0 	2
124.0	228.0 	2
1521.0	217.0 	2
1618.0	212.0 	1
42.0	391.0 	2
979.0	633.0 	2
1172.0	1191.0 	1
7.0	1512.0 	2
1185.0	549.0 	2
1537.0	1420.0 	1
976.0	1735.0 	1
1920.0	135.0 	1
1441.0	1362.0 	1
142.0	979.0 	2
916.0	560.0 	2
1242.0	221.0 	2
1669.0	24.0 	1
529.0	830.0 	2
1570.0	179.0 	1
468.0	1238.0 	2
1427.0	756.0 	1
1179.0	1898.0 	1
1705.0	183.0 	1
1000.0	1934.0 	1
18.0	1307.0 	2
1130.0	840.0 	2
1360.0	253.0 	2
1102.0	616.0 	2
1045.0	1009.0 	2
969.0	1646.0 	1
838.0	1832.0 	2
983.0	1675.0 	1
1091.0	1178.0 	2
1603.0	1073.0 	1
586.0	981.0 	2
889.0	605.0 	2
1308.0	706.0 	2
970.0	262.0 	2
350.0	676.0 	2
1467.0	502.0 	1
987.0	1543.0 	1
527.0	640.0 	2
1581.0	1200.0 	1
1256.0	797.0 	2
1563.0	1927.0 	1
274.0	1803.0 	2
1061.0	1236.0 	2
862.0	1674.0 	2
721.0	626.0 	2
840.0	1411.0 	2
1365.0	1143.0 	1
372.0	517.0 	2
1635.0	843.0 	1
1387.0	1830.0 	1
916.0	588.0 	2
1156.0	1606.0 	1
634.0	224.0 	2
1119.0	1577.0 	1
1609.0	1593.0 	1
622.0	797.0 	2
1963.0	3.0 	1
1949.0	20.0 	1
1180.0	176.0 	2
1733.0	1897.0 	1
1769.0	452.0 	1
1976.0	446.0 	1
808.0	592.0 	2
605.0	1159.0 	2
1835.0	551.0 	1
791.0	218.0 	2
1990.0	1074.0 	1
1931.0	908.0 	1
976.0	2.0 	2
1820.0	1284.0 	1
402.0	1415.0 	2
1886.0	1985.0 	1
325.0	740.0 	2
0.0	1323.0 	2
1094.0	1457.0 	1
1346.0	1093.0 	1
1618.0	1992.0 	1
717.0	462.0 	2
1661.0	1927.0 	1
421.0	1958.0 	2
605.0	1259.0 	2
271.0	887.0 	2
1145.0	146.0 	2
1342.0	1270.0 	1
575.0	960.0 	2
1061.0	15.0 	2
1651.0	1863.0 	1
1296.0	1348.0 	1
1663.0	528.0 	1
236.0	1219.0 	2
883.0	1151.0 	2
1518.0	257.0 	1
350.0	1597.0 	2
1038.0	639.0 	2
1977.0	1913.0 	1
1171.0	402.0 	2
1979.0	1116.0 	1
1155.0	196.0 	2
1671.0	1071.0 	1
1219.0	672.0 	2
170.0	1618.0 	2
339.0	782.0 	2
1296.0	323.0 	2
1866.0	577.0 	1
1634.0	1972.0 	1
386.0	503.0 	2
1033.0	289.0 	2
977.0	1567.0 	1
794.0	482.0 	2
609.0	351.0 	2
1101.0	798.0 	2
1247.0	355.0 	2
586.0	285.0 	2
136.0	1849.0 	2
1403.0	639.0 	1
1970.0	313.0 	1
654.0	1289.0 	2
29.0	1182.0 	2
1660.0	844.0 	1
398.0	954.0 	2
1726.0	1780.0 	1
1070.0	259.0 	2
1688.0	350.0 	1
1339.0	706.0 	1
1427.0	1472.0 	1
325.0	293.0 	2
1827.0	202.0 	1
1741.0	1983.0 	1
277.0	47.0 	2
1186.0	187.0 	2
300.0	225.0 	2
1920.0	1186.0 	1
1284.0	1286.0 	1
829.0	1869.0 	1
1239.0	1427.0 	1
1037.0	743.0 	2
1658.0	444.0 	1
761.0	1112.0 	2
1936.0	1541.0 	1
360.0	813.0 	2
986.0	513.0 	2
1927.0	497.0 	1
547.0	1874.0 	2
359.0	1004.0 	2
1869.0	1736.0 	1
1740.0	831.0 	1
593.0	286.0 	2
1647.0	1303.0 	1
526.0	1713.0 	2
236.0	1421.0 	2
590.0	76.0 	2
1769.0	1475.0 	1
1317.0	618.0 	2
1015.0	241.0 	2
1429.0	1630.0 	1
443.0	1599.0 	2
1506.0	1990.0 	1
1457.0	504.0 	1
1262.0	713.0 	2
976.0	969.0 	2
615.0	903.0 	2
190.0	1095.0 	2
753.0	367.0 	2
45.0	1047.0 	2
1223.0	1533.0 	1
419.0	728.0 	2
644.0	185.0 	2
847.0	1677.0 	2
1098.0	1274.0 	1
174.0	323.0 	2
660.0	1737.0 	2
811.0	1582.0 	2
387.0	1659.0 	2
1722.0	816.0 	1
351.0	142.0 	2
1782.0	97.0 	1
1277.0	1828.0 	1
1881.0	1675.0 	1
1207.0	113.0 	2
250.0	1740.0 	2
2.0	1137.0 	2
767.0	1612.0 	2
1347.0	1182.0 	1
14.0	454.0 	2
81.0	1512.0 	2
1435.0	1761.0 	1
689.0	357.0 	2
1586.0	845.0 	1
152.0	1675.0 	2
1387.0	446.0 	2
1583.0	1692.0 	1
1241.0	486.0 	2
1111.0	1496.0 	1
1415.0	78.0 	2
1060.0	934.0 	2
474.0	1950.0 	2
1570.0	95.0 	2
1685.0	771.0 	1
662.0	1316.0 	2
518.0	1906.0 	2
418.0	1122.0 	2
1586.0	580.0 	1
1289.0	1330.0 	1
453.0	1264.0 	2
1578.0	514.0 	1
867.0	668.0 	2
364.0	1444.0 	2
1794.0	787.0 	1
1697.0	692.0 	1
1770.0	1305.0 	1
1117.0	1334.0 	1
1605.0	181.0 	1
972.0	1835.0 	1
1979.0	1115.0 	1
1070.0	1928.0 	1
1307.0	961.0 	1
1357.0	1516.0 	1
1555.0	43.0 	2
672.0	1561.0 	2
567.0	1206.0 	2
432.0	973.0 	2
1621.0	697.0 	1
1598.0	208.0 	1
446.0	600.0 	2
1163.0	342.0 	2
732.0	452.0 	2
1265.0	477.0 	2
489.0	775.0 	2
1173.0	1432.0 	1
1550.0	1586.0 	1
1936.0	804.0 	1
1961.0	1052.0 	1
857.0	1825.0 	1
927.0	1454.0 	2
359.0	101.0 	2
723.0	101.0 	2
1831.0	386.0 	1
369.0	472.0 	2
865.0	11.0 	2
14.0	40.0 	2
1083.0	1355.0 	1
1664.0	1424.0 	1
681.0	846.0 	2
1824.0	1013.0 	1
1899.0	1046.0 	1
1773.0	1119.0 	1
1737.0	1858.0 	1
577.0	156.0 	2
1280.0	902.0 	1
1804.0	958.0 	1
1785.0	1338.0 	1
636.0	1728.0 	2
534.0	1954.0 	2
532.0	1693.0 	2
1731.0	1644.0 	1
358.0	414.0 	2
1520.0	611.0 	1
1089.0	834.0 	2
279.0	1743.0 	2
1191.0	281.0 	2
1925.0	880.0 	1
598.0	1898.0 	2
1259.0	1729.0 	1
731.0	493.0 	2
438.0	61.0 	2
272.0	1922.0 	2
1501.0	350.0 	1
1700.0	872.0 	1
1292.0	1103.0 	1
1325.0	641.0 	2
1588.0	625.0 	1
780.0	872.0 	2
552.0	1082.0 	2
745.0	448.0 	2
614.0	1400.0 	2
940.0	1394.0 	2
702.0	143.0 	2
153.0	1497.0 	2
118.0	1656.0 	2
77.0	824.0 	2
1900.0	1651.0 	1
294.0	927.0 	2
1151.0	692.0 	2
75.0	1354.0 	2
1946.0	1864.0 	1
1670.0	1534.0 	1
827.0	1193.0 	2
86.0	115.0 	2
783.0	35.0 	2
957.0	1318.0 	2
866.0	405.0 	2
655.0	150.0 	2
1598.0	1691.0 	1
459.0	1646.0 	2
586.0	1902.0 	2
1554.0	420.0 	1
105.0	92.0 	2
98.0	1136.0 	2
47.0	1404.0 	2
1102.0	1070.0 	2
956.0	286.0 	2
1197.0	1146.0 	1
1389.0	1524.0 	1
1675.0	1020.0 	1
1291.0	1284.0 	1
1990.0	672.0 	1
1742.0	536.0 	1
1116.0	1039.0 	2
1065.0	406.0 	2
1959.0	1506.0 	1
796.0	856.0 	2
1164.0	1681.0 	1
409.0	1771.0 	2
565.0	335.0 	2
601.0	1159.0 	2
845.0	126.0 	2
1357.0	1440.0 	1
1805.0	840.0 	1
439.0	1685.0 	2
1199.0	59.0 	2
1100.0	1240.0 	1
373.0	320.0 	2
109.0	517.0 	2
842.0	1432.0 	2
375.0	197.0 	2
154.0	1172.0 	2
784.0	119.0 	2
545.0	6.0 	2
308.0	1788.0 	2
1022.0	1163.0 	2
975.0	1923.0 	1
1008.0	67.0 	2
1202.0	855.0 	2
1617.0	534.0 	1
1144.0	293.0 	2
872.0	812.0 	2
726.0	18.0 	2
1966.0	1742.0 	1
1938.0	1087.0 	1
1254.0	16.0 	2
879.0	99.0 	2
1693.0	1313.0 	1
372.0	180.0 	2
43.0	590.0 	2
1331.0	236.0 	2
291.0	1620.0 	2
176.0	1283.0 	2
1068.0	654.0 	2
856.0	1495.0 	2
777.0	1160.0 	2
1237.0	1344.0 	1
24.0	1968.0 	2
1264.0	78.0 	2
262.0	504.0 	2
1145.0	1900.0 	1
917.0	1008.0 	2
1655.0	1470.0 	1
1140.0	860.0 	2
299.0	294.0 	2
1756.0	1272.0 	1
810.0	1104.0 	2
156.0	1238.0 	2
1131.0	1740.0 	1
1875.0	740.0 	1
1258.0	771.0 	2
334.0	972.0 	2
200.0	1206.0 	2
1457.0	312.0 	2
409.0	518.0 	2
1455.0	1661.0 	1
669.0	1199.0 	2
565.0	1548.0 	2
882.0	1872.0 	1
1630.0	1115.0 	1
1596.0	763.0 	1
1051.0	1006.0 	2
1083.0	676.0 	2
1649.0	1712.0 	1
1198.0	239.0 	2
1143.0	1432.0 	1
1056.0	844.0 	2
217.0	1123.0 	2
1668.0	1364.0 	1
850.0	1242.0 	2
1225.0	1091.0 	1
1226.0	685.0 	2
852.0	636.0 	2
1965.0	1555.0 	1
675.0	965.0 	2
767.0	1216.0 	2
762.0	945.0 	2
682.0	598.0 	2
435.0	1119.0 	2
411.0	1193.0 	2
891.0	1539.0 	2
1269.0	909.0 	1
848.0	1147.0 	2
18.0	1256.0 	2
1683.0	102.0 	1
1171.0	1499.0 	1
176.0	948.0 	2
384.0	1971.0 	2
1147.0	406.0 	2
1983.0	930.0 	1
21.0	961.0 	2
246.0	594.0 	2
512.0	600.0 	2
1992.0	38.0 	1
1305.0	1877.0 	1
1280.0	737.0 	2
1180.0	1781.0 	1
947.0	1174.0 	2
1810.0	594.0 	1
1833.0	1098.0 	1
668.0	883.0 	2
1412.0	774.0 	1
1575.0	880.0 	1
811.0	1395.0 	2
532.0	245.0 	2
1991.0	1259.0 	1
931.0	1891.0 	1
206.0	910.0 	2
1986.0	1880.0 	1
1524.0	1391.0 	1
397.0	1341.0 	2
1146.0	1320.0 	1
1613.0	1738.0 	1
768.0	302.0 	2
490.0	1922.0 	2
679.0	1244.0 	2
773.0	202.0 	2
1352.0	940.0 	1
249.0	548.0 	2
286.0	1979.0 	2
594.0	1465.0 	2
21.0	490.0 	2
1614.0	1202.0 	1
1748.0	820.0 	1
890.0	1377.0 	2
1685.0	1632.0 	1
644.0	539.0 	2
1134.0	932.0 	2
1966.0	1942.0 	1
45.0	1491.0 	2
677.0	1952.0 	2
1306.0	1955.0 	1
1738.0	864.0 	1
1367.0	1238.0 	1
1612.0	1422.0 	1
272.0	1417.0 	2
194.0	1689.0 	2
1372.0	196.0 	2
784.0	702.0 	2
1065.0	398.0 	2
1500.0	1633.0 	1
554.0	1542.0 	2
329.0	1458.0 	2
1276.0	489.0 	2
1070.0	368.0 	2
1985.0	674.0 	1
1793.0	256.0 	1
248.0	1115.0 	2
1243.0	1960.0 	1
1532.0	1995.0 	1
563.0	1051.0 	2
794.0	1417.0 	2
484.0	253.0 	2
1754.0	1705.0 	1
396.0	60.0 	2
750.0	435.0 	2
1902.0	1690.0 	1
1694.0	1926.0 	1
1282.0	607.0 	2
653.0	946.0 	2
1109.0	1751.0 	1
1975.0	830.0 	1
819.0	180.0 	2
808.0	378.0 	2
873.0	1371.0 	2
67.0	258.0 	2
1574.0	146.0 	1
347.0	346.0 	2
1511.0	668.0 	1
1291.0	1433.0 	1
1318.0	1533.0 	1
1696.0	286.0 	1
1373.0	1825.0 	1
1649.0	653.0 	1
210.0	1452.0 	2
1549.0	52.0 	2
1450.0	536.0 	1
1905.0	283.0 	1
957.0	268.0 	2
1021.0	767.0 	2
1046.0	616.0 	2
1681.0	688.0 	1
776.0	951.0 	2
557.0	1195.0 	2
1177.0	1693.0 	1
258.0	1356.0 	2
399.0	1622.0 	2
1612.0	1445.0 	1
1394.0	746.0 	1
269.0	1709.0 	2
1851.0	1055.0 	1
1108.0	1754.0 	1
1499.0	1959.0 	1
233.0	864.0 	2
316.0	1811.0 	2
873.0	1701.0 	2
1540.0	861.0 	1
753.0	935.0 	2
1331.0	1739.0 	1
1625.0	1253.0 	1
536.0	471.0 	2
250.0	1961.0 	2
1053.0	1699.0 	1
1328.0	1596.0 	1
894.0	118.0 	2
809.0	92.0 	2
353.0	251.0 	2
809.0	99.0 	2
516.0	1606.0 	2
896.0	1255.0 	2
1895.0	1477.0 	1
40.0	503.0 	2
1743.0	1196.0 	1
205.0	879.0 	2
1479.0	433.0 	1
824.0	1110.0 	2
94.0	269.0 	2
12.0	772.0 	2
407.0	1777.0 	2
1051.0	1236.0 	2
1320.0	1368.0 	1
289.0	1869.0 	2
1031.0	615.0 	2
550.0	629.0 	2
1147.0	1093.0 	2
1851.0	931.0 	1
1491.0	1396.0 	1
1063.0	1265.0 	2
285.0	218.0 	2
1617.0	640.0 	1
1201.0	847.0 	2
1709.0	65.0 	1
1123.0	1876.0 	1
176.0	1416.0 	2
1584.0	1877.0 	1
191.0	349.0 	2
997.0	1351.0 	2
433.0	1135.0 	2
21.0	1393.0 	2
1209.0	1484.0 	1
1527.0	483.0 	1
1093.0	301.0 	2
311.0	61.0 	2
1999.0	858.0 	1
1567.0	1964.0 	1
1475.0	869.0 	1
1045.0	404.0 	2
1324.0	0.0 	2
1517.0	380.0 	1
1342.0	1407.0 	1
477.0	617.0 	2
1186.0	816.0 	2
762.0	314.0 	2
1255.0	116.0 	2
866.0	893.0 	2
1208.0	218.0 	2
796.0	521.0 	2
1580.0	1758.0 	1
1412.0	1197.0 	1
1551.0	363.0 	1
1899.0	799.0 	1
1358.0	74.0 	2
570.0	513.0 	2
452.0	1638.0 	2
1925.0	501.0 	1
181.0	1469.0 	2
867.0	211.0 	2
912.0	1506.0 	2
343.0	1647.0 	2
276.0	1149.0 	2
290.0	1790.0 	2
1864.0	596.0 	1
1666.0	486.0 	1
913.0	1157.0 	2
746.0	541.0 	2
609.0	365.0 	2
1502.0	1643.0 	1
1120.0	1429.0 	1
1398.0	1436.0 	1
126.0	1520.0 	2
17.0	23.0 	2
1704.0	1224.0 	1
494.0	220.0 	2
958.0	956.0 	2
1838.0	1477.0 	1
1222.0	386.0 	2
907.0	844.0 	2
1953.0	1290.0 	1
150.0	1643.0 	2
923.0	1797.0 	1
1712.0	241.0 	1
399.0	1686.0 	2
1257.0	1605.0 	1
315.0	1444.0 	2
1634.0	116.0 	1
588.0	278.0 	2
1303.0	443.0 	2
709.0	250.0 	2
46.0	910.0 	2
1670.0	1601.0 	1
751.0	1611.0 	2
1372.0	1423.0 	1
502.0	1653.0 	2
787.0	1968.0 	1
1753.0	1464.0 	1
301.0	779.0 	2
41.0	1740.0 	2
896.0	401.0 	2
1965.0	1299.0 	1
1904.0	1804.0 	1
1957.0	251.0 	1
1464.0	647.0 	1
1035.0	539.0 	2
363.0	1503.0 	2
358.0	205.0 	2
1823.0	601.0 	1
433.0	1771.0 	2
1776.0	74.0 	1
717.0	1325.0 	2
94.0	1968.0 	2
1171.0	461.0 	2
192.0	1536.0 	2
1760.0	1993.0 	1
1676.0	1606.0 	1
1785.0	721.0 	1
37.0	202.0 	2
1290.0	1224.0 	1
239.0	738.0 	2
1787.0	1090.0 	1
1198.0	603.0 	2
1577.0	1042.0 	1
119.0	1943.0 	2
1585.0	1368.0 	1
590.0	516.0 	2
1429.0	1589.0 	1
1454.0	1164.0 	1
1942.0	827.0 	1
1980.0	600.0 	1
1461.0	875.0 	1
491.0	1057.0 	2
1372.0	507.0 	2
962.0	278.0 	2
1500.0	1795.0 	1
361.0	927.0 	2
1061.0	1056.0 	2
349.0	371.0 	2
1120.0	894.0 	2
454.0	1145.0 	2
645.0	278.0 	2
1929.0	483.0 	1
163.0	777.0 	2
1181.0	1128.0 	1
673.0	906.0 	2
1812.0	7.0 	1
1198.0	1762.0 	1
1064.0	1124.0 	2
528.0	368.0 	2
771.0	1800.0 	2
1650.0	1814.0 	1
1324.0	654.0 	2
1355.0	206.0 	2
1124.0	434.0 	2
1155.0	875.0 	2
1916.0	881.0 	1
1378.0	1158.0 	1
1594.0	1913.0 	1
585.0	1826.0 	2
198.0	1147.0 	2
548.0	981.0 	2
1359.0	1836.0 	1
1814.0	1792.0 	1
1896.0	24.0 	1
837.0	598.0 	2
1172.0	1981.0 	1
430.0	1874.0 	2
579.0	617.0 	2
1967.0	1713.0 	1
1502.0	1436.0 	1
744.0	464.0 	2
1285.0	822.0 	1
1667.0	220.0 	1
1997.0	539.0 	1
848.0	241.0 	2
724.0	1704.0 	2
588.0	1708.0 	2
98.0	198.0 	2
950.0	1753.0 	1
1512.0	524.0 	1
890.0	1706.0 	2
296.0	1514.0 	2
50.0	314.0 	2
1798.0	1126.0 	1
424.0	1871.0 	2
922.0	1253.0 	2
1737.0	993.0 	1
1353.0	1927.0 	1
1306.0	1647.0 	1
519.0	137.0 	2
1134.0	1521.0 	1
822.0	1725.0 	2
1211.0	420.0 	2
1118.0	1469.0 	1
919.0	1539.0 	2
4.0	469.0 	2
1130.0	449.0 	2
1339.0	1826.0 	1
1306.0	1895.0 	1
381.0	55.0 	2
1560.0	268.0 	1
822.0	1143.0 	2
790.0	653.0 	2
51.0	1337.0 	2
1265.0	1895.0 	1
1275.0	1553.0 	1
1493.0	1675.0 	1
1414.0	1430.0 	1
922.0	1205.0 	2
1071.0	115.0 	2
1726.0	647.0 	1
1170.0	625.0 	2
585.0	317.0 	2
1572.0	698.0 	1
37.0	282.0 	2
1116.0	1481.0 	1
996.0	264.0 	2
764.0	813.0 	2
314.0	706.0 	2
1142.0	174.0 	2
1300.0	1647.0 	1
1747.0	1118.0 	1
1419.0	1567.0 	1
121.0	355.0 	2
1027.0	1951.0 	1
568.0	1140.0 	2
117.0	1239.0 	2
75.0	1163.0 	2
1877.0	951.0 	1
47.0	947.0 	2
830.0	1008.0 	2
848.0	1235.0 	2
531.0	735.0 	2
833.0	832.0 	2
1021.0	170.0 	2
1037.0	621.0 	2
748.0	125.0 	2
1061.0	172.0 	2
1144.0	1527.0 	1
963.0	0.0 	2
1686.0	418.0 	1
1759.0	1275.0 	1
623.0	141.0 	2
624.0	148.0 	2
650.0	633.0 	2
349.0	464.0 	2
1375.0	239.0 	2
539.0	683.0 	2
1319.0	1000.0 	1
1322.0	541.0 	2
1056.0	529.0 	2
340.0	1553.0 	2
465.0	698.0 	2
641.0	142.0 	2
1147.0	962.0 	2
77.0	998.0 	2
1450.0	1528.0 	1
1520.0	435.0 	1
64.0	1639.0 	2
220.0	239.0 	2
907.0	913.0 	2
1569.0	896.0 	1
1946.0	210.0 	1
910.0	527.0 	2
1971.0	1649.0 	1
886.0	342.0 	2
1524.0	1093.0 	1
842.0	413.0 	2
373.0	21.0 	2
1140.0	1253.0 	1
952.0	1088.0 	2
1742.0	1413.0 	1
1628.0	1608.0 	1
1500.0	253.0 	2
1835.0	1701.0 	1
565.0	157.0 	2
651.0	1761.0 	2
975.0	1361.0 	2
1947.0	468.0 	1
1776.0	795.0 	1
1180.0	1047.0 	1
119.0	675.0 	2
762.0	1295.0 	2
606.0	865.0 	2
34.0	102.0 	2
1862.0	608.0 	1
1524.0	1596.0 	1
1168.0	1524.0 	1
593.0	60.0 	2
712.0	1445.0 	2
1829.0	1146.0 	1
677.0	19.0 	2
1279.0	1101.0 	1
899.0	815.0 	2
771.0	1365.0 	2
406.0	1945.0 	2
1460.0	1091.0 	1
303.0	740.0 	2
1376.0	1949.0 	1
1740.0	723.0 	1
726.0	1044.0 	2
503.0	620.0 	2
1808.0	281.0 	1
482.0	1553.0 	2
769.0	903.0 	2
1613.0	27.0 	1
1589.0	631.0 	1
686.0	442.0 	2
1372.0	1016.0 	1
1141.0	841.0 	2
268.0	243.0 	2
332.0	357.0 	2
1665.0	972.0 	1
1092.0	816.0 	2
220.0	99.0 	2
609.0	457.0 	2
826.0	356.0 	2
362.0	1043.0 	2
1445.0	692.0 	1
1779.0	456.0 	1
190.0	1066.0 	2
567.0	190.0 	2
782.0	442.0 	2
1818.0	430.0 	1
93.0	1202.0 	2
1817.0	1869.0 	1
1766.0	1754.0 	1
26.0	1680.0 	2
1597.0	742.0 	1
1357.0	887.0 	1
1075.0	300.0 	2
1661.0	1118.0 	1
1226.0	1846.0 	1
392.0	1130.0 	2
1920.0	961.0 	1
624.0	1765.0 	2
816.0	1390.0 	2
1818.0	1882.0 	1
234.0	1023.0 	2
1649.0	439.0 	1
411.0	598.0 	2
10.0	638.0 	2
66.0	84.0 	2
510.0	1885.0 	2
894.0	829.0 	2
966.0	1030.0 	2
809.0	925.0 	2
1410.0	1363.0 	1
600.0	1413.0 	2
1680.0	1414.0 	1
776.0	1955.0 	2
125.0	1261.0 	2
1029.0	1055.0 	2
383.0	1594.0 	2
1708.0	173.0 	1
1921.0	1292.0 	1
1648.0	259.0 	1
1275.0	1280.0 	1
1391.0	1985.0 	1
1234.0	647.0 	2
531.0	1712.0 	2
727.0	1588.0 	2
605.0	1090.0 	2
320.0	1924.0 	2
1750.0	1286.0 	1
1154.0	702.0 	2
384.0	1104.0 	2
1902.0	14.0 	1
1260.0	131.0 	2
458.0	133.0 	2
264.0	1782.0 	2
1953.0	445.0 	1
787.0	1998.0 	1
258.0	1923.0 	2
89.0	1306.0 	2
1333.0	1886.0 	1
1228.0	1689.0 	1
393.0	949.0 	2
741.0	935.0 	2
1260.0	638.0 	2
1045.0	249.0 	2
1832.0	466.0 	1
42.0	375.0 	2
1262.0	138.0 	2
1133.0	749.0 	2
802.0	791.0 	2
1010.0	405.0 	2
447.0	1457.0 	2
564.0	668.0 	2
281.0	948.0 	2
516.0	521.0 	2
759.0	798.0 	2
155.0	921.0 	2
330.0	309.0 	2
371.0	822.0 	2
534.0	264.0 	2
646.0	1247.0 	2
1189.0	1175.0 	1
75.0	956.0 	2
822.0	1141.0 	2
961.0	505.0 	2
542.0	1547.0 	2
1.0	622.0 	2
14.0	869.0 	2
1293.0	497.0 	2
1136.0	1393.0 	1
1513.0	1188.0 	1
447.0	108.0 	2
262.0	700.0 	2
1961.0	1389.0 	1
1889.0	290.0 	1
588.0	1905.0 	2
124.0	778.0 	2
1304.0	654.0 	2
1935.0	1600.0 	1
1388.0	1670.0 	1
1507.0	818.0 	1
1672.0	502.0 	1
1744.0	1010.0 	1
1847.0	1734.0 	1
495.0	1926.0 	2
1332.0	935.0 	1
1558.0	1318.0 	1
1883.0	994.0 	1
812.0	1711.0 	2
1598.0	1879.0 	1
622.0	1529.0 	2
1787.0	1965.0 	1
272.0	743.0 	2
158.0	1429.0 	2
413.0	1915.0 	2
1964.0	1639.0 	1
583.0	741.0 	2
1098.0	1637.0 	1
1562.0	1097.0 	1
1801.0	1263.0 	1
1102.0	1178.0 	2
434.0	1970.0 	2
1759.0	1823.0 	1
1101.0	1046.0 	2
748.0	1583.0 	2
483.0	1234.0 	2
1591.0	368.0 	1
1407.0	448.0 	2
547.0	1392.0 	2
1206.0	1429.0 	1
1657.0	106.0 	1
174.0	1506.0 	2
1053.0	1146.0 	2
1260.0	1581.0 	1
145.0	1299.0 	2
269.0	1384.0 	2
1500.0	378.0 	1
792.0	430.0 	2
209.0	1713.0 	2
1035.0	495.0 	2
823.0	1037.0 	2
775.0	1471.0 	2
1435.0	1936.0 	1
902.0	736.0 	2
107.0	1868.0 	2
1951.0	993.0 	1
1625.0	1755.0 	1
1428.0	706.0 	1
930.0	1251.0 	2
435.0	1213.0 	2
250.0	948.0 	2
1358.0	1885.0 	1
474.0	92.0 	2
347.0	115.0 	2
766.0	1887.0 	2
967.0	1179.0 	2
1515.0	631.0 	1
463.0	1353.0 	2
346.0	506.0 	2
1406.0	1761.0 	1
780.0	1421.0 	2
1149.0	1955.0 	1
631.0	1460.0 	2
1598.0	1269.0 	1
134.0	1815.0 	2
386.0	592.0 	2
1230.0	1389.0 	1
1277.0	1269.0 	1
1936.0	135.0 	1
265.0	1576.0 	2
855.0	1664.0 	2
260.0	1393.0 	2
221.0	644.0 	2
1653.0	99.0 	1
1203.0	790.0 	2
1223.0	1761.0 	1
1810.0	990.0 	1
1729.0	11.0 	1
1427.0	822.0 	1
1425.0	854.0 	1
1421.0	289.0 	2
558.0	1995.0 	2
1089.0	1423.0 	1
1568.0	1073.0 	1
761.0	1746.0 	2
1644.0	903.0 	1
12.0	708.0 	2
1733.0	1263.0 	1
1761.0	1310.0 	1
1944.0	1917.0 	1
527.0	1230.0 	2
1081.0	1312.0 	1
621.0	823.0 	2
779.0	505.0 	2
354.0	1426.0 	2
65.0	782.0 	2
486.0	1012.0 	2
1843.0	525.0 	1
1067.0	1876.0 	1
1924.0	657.0 	1
1628.0	1213.0 	1
57.0	1410.0 	2
1256.0	101.0 	2
1817.0	484.0 	1
837.0	1454.0 	2
750.0	1852.0 	2
1690.0	890.0 	1
1531.0	1118.0 	1
1624.0	733.0 	1
408.0	1920.0 	2
1968.0	846.0 	1
779.0	339.0 	2
1859.0	1660.0 	1
693.0	924.0 	2
629.0	276.0 	2
1909.0	177.0 	1
707.0	535.0 	2
249.0	1974.0 	2
466.0	654.0 	2
683.0	1742.0 	2
479.0	1848.0 	2
184.0	1172.0 	2
187.0	1123.0 	2
1832.0	1657.0 	1
542.0	1278.0 	2
1611.0	873.0 	1
994.0	1895.0 	1
1300.0	1134.0 	1
1628.0	820.0 	1
1490.0	1610.0 	1
1700.0	571.0 	1
1029.0	313.0 	2
1673.0	679.0 	1
1722.0	774.0 	1
521.0	277.0 	2
353.0	971.0 	2
1556.0	946.0 	1
1089.0	1797.0 	1
632.0	172.0 	2
834.0	224.0 	2
163.0	1576.0 	2
41.0	839.0 	2
955.0	1285.0 	2
1133.0	333.0 	2
1969.0	996.0 	1
1217.0	1172.0 	1
1402.0	880.0 	1
1025.0	1974.0 	1
625.0	354.0 	2
75.0	1661.0 	2
613.0	281.0 	2
1303.0	82.0 	2
145.0	1356.0 	2
1814.0	1802.0 	1
1841.0	100.0 	1
1156.0	612.0 	2
964.0	1371.0 	2
1887.0	765.0 	1
1995.0	1513.0 	1
353.0	1185.0 	2
1095.0	139.0 	2
1460.0	1359.0 	1
36.0	710.0 	2
1809.0	410.0 	1
1914.0	1425.0 	1
920.0	1085.0 	2
1764.0	125.0 	1
69.0	554.0 	2
754.0	574.0 	2
1412.0	1859.0 	1
25.0	1070.0 	2
751.0	905.0 	2
606.0	1282.0 	2
571.0	781.0 	2
1722.0	683.0 	1
587.0	976.0 	2
1355.0	892.0 	1
1693.0	1326.0 	1
445.0	1660.0 	2
1653.0	7.0 	1
391.0	993.0 	2
809.0	1668.0 	2
1567.0	572.0 	1
639.0	1527.0 	2
1292.0	1625.0 	1
1865.0	68.0 	1
1779.0	461.0 	1
1631.0	955.0 	1
841.0	490.0 	2
1602.0	606.0 	1
119.0	1865.0 	2
508.0	362.0 	2
83.0	324.0 	2
425.0	125.0 	2
70.0	1298.0 	2
388.0	1092.0 	2
85.0	888.0 	2
1091.0	474.0 	2
927.0	335.0 	2
440.0	1529.0 	2
329.0	1270.0 	2
385.0	1028.0 	2
258.0	994.0 	2
445.0	1676.0 	2
1736.0	449.0 	1
1606.0	1957.0 	1
1679.0	740.0 	1
986.0	727.0 	2
1572.0	537.0 	1
1421.0	1369.0 	1
1798.0	1114.0 	1
1258.0	434.0 	2
196.0	1350.0 	2
702.0	943.0 	2
833.0	1034.0 	2
362.0	345.0 	2
1571.0	1650.0 	1
557.0	94.0 	2
89.0	1560.0 	2
1631.0	1686.0 	1
1665.0	390.0 	1
1416.0	931.0 	1
721.0	1415.0 	2
154.0	485.0 	2
1246.0	355.0 	2
683.0	1971.0 	2
1362.0	535.0 	2
581.0	1438.0 	2
1306.0	559.0 	2
1973.0	1207.0 	1
1960.0	1668.0 	1
1564.0	1898.0 	1
592.0	112.0 	2
1057.0	1639.0 	1
1111.0	1365.0 	1
9.0	340.0 	2
1628.0	64.0 	1
736.0	1049.0 	2
1003.0	1831.0 	1
494.0	609.0 	2
165.0	608.0 	2
568.0	156.0 	2
920.0	963.0 	2
1741.0	912.0 	1
1829.0	840.0 	1
2.0	499.0 	2
655.0	343.0 	2
1133.0	1014.0 	2
369.0	1751.0 	2
266.0	1056.0 	2
963.0	1143.0 	2
104.0	1158.0 	2
624.0	1652.0 	2
1850.0	19.0 	1
1237.0	1096.0 	1
868.0	364.0 	2
1667.0	79.0 	1
193.0	197.0 	2
689.0	1638.0 	2
1722.0	1217.0 	1
1287.0	526.0 	2
355.0	1136.0 	2
1075.0	217.0 	2
1335.0	895.0 	1
986.0	1357.0 	2
1800.0	807.0 	1
1517.0	1921.0 	1
733.0	6.0 	2
149.0	1081.0 	2
1912.0	1665.0 	1
1352.0	1284.0 	1
1074.0	1525.0 	1
268.0	329.0 	2
1332.0	992.0 	1
309.0	1556.0 	2
1515.0	93.0 	2
998.0	1503.0 	1
1095.0	1845.0 	1
260.0	685.0 	2
1210.0	1394.0 	1
799.0	163.0 	2
576.0	1309.0 	2
1569.0	1587.0 	1
722.0	94.0 	2
1418.0	403.0 	2
1242.0	1795.0 	1
1787.0	419.0 	1
62.0	1001.0 	2
406.0	988.0 	2
1639.0	1284.0 	1
105.0	899.0 	2
1359.0	643.0 	1
210.0	1487.0 	2
504.0	213.0 	2
1413.0	1784.0 	1
400.0	939.0 	2
845.0	1496.0 	2
192.0	579.0 	2
582.0	1300.0 	2
498.0	1820.0 	2
320.0	1977.0 	2
592.0	541.0 	2
1682.0	1635.0 	1
281.0	1235.0 	2
714.0	438.0 	2
876.0	1284.0 	2
439.0	1792.0 	2
908.0	305.0 	2
1917.0	1733.0 	1
1703.0	1327.0 	1
1416.0	1614.0 	1
117.0	734.0 	2
1540.0	785.0 	1
1412.0	503.0 	1
849.0	103.0 	2
1845.0	706.0 	1
558.0	1547.0 	2
1245.0	306.0 	2
1206.0	403.0 	2
291.0	1357.0 	2
1281.0	1126.0 	1
106.0	1015.0 	2
1830.0	1731.0 	1
1809.0	1391.0 	1
1455.0	1897.0 	1
1553.0	671.0 	1
210.0	1149.0 	2
381.0	374.0 	2
1539.0	1505.0 	1
1947.0	1477.0 	1
341.0	1876.0 	2
753.0	437.0 	2
1929.0	1821.0 	1
1581.0	1876.0 	1
882.0	1189.0 	2
1054.0	1458.0 	1
1900.0	1992.0 	1
928.0	1157.0 	2
1735.0	623.0 	1
1584.0	1788.0 	1
258.0	991.0 	2
1951.0	105.0 	1
1087.0	522.0 	2
1131.0	1131.0 	2
1043.0	109.0 	2
461.0	1629.0 	2
402.0	49.0 	2
1361.0	873.0 	1
268.0	1384.0 	2
1619.0	1288.0 	1
89.0	764.0 	2
1509.0	0.0 	2
674.0	1737.0 	2
1901.0	326.0 	1
460.0	827.0 	2
483.0	1267.0 	2
939.0	1353.0 	2
1084.0	1459.0 	1
1869.0	1396.0 	1
1947.0	1463.0 	1
1693.0	1517.0 	1
897.0	1087.0 	2
134.0	1335.0 	2
588.0	697.0 	2
455.0	211.0 	2
828.0	370.0 	2
857.0	624.0 	2
1845.0	911.0 	1
810.0	878.0 	2
1313.0	1933.0 	1
762.0	1832.0 	2
1522.0	393.0 	1
1221.0	821.0 	2
798.0	413.0 	2
181.0	911.0 	2
51.0	1072.0 	2
211.0	992.0 	2
1151.0	662.0 	2
515.0	878.0 	2
45.0	1231.0 	2
1699.0	1217.0 	1
1758.0	249.0 	1
1803.0	1684.0 	1
1607.0	1678.0 	1
1367.0	1050.0 	1
1993.0	244.0 	1
326.0	1019.0 	2
1924.0	362.0 	1
1621.0	1514.0 	1
1061.0	734.0 	2
159.0	1238.0 	2
910.0	1544.0 	2
559.0	1475.0 	2
1950.0	1076.0 	1
1693.0	1330.0 	1
1081.0	1689.0 	1
1573.0	653.0 	1
883.0	580.0 	2
1554.0	704.0 	1
1793.0	1750.0 	1
1025.0	484.0 	2
1459.0	1301.0 	1
1689.0	1235.0 	1
245.0	961.0 	2
1655.0	980.0 	1
1703.0	541.0 	1
1136.0	1648.0 	1
166.0	979.0 	2
37.0	1798.0 	2
1223.0	584.0 	2
1904.0	1398.0 	1
1695.0	665.0 	1
1112.0	1205.0 	1
622.0	1957.0 	2
1682.0	936.0 	1
389.0	1503.0 	2
924.0	1097.0 	2
1098.0	1660.0 	1
1170.0	1280.0 	1
1615.0	1808.0 	1
1237.0	759.0 	2
132.0	1461.0 	2
1866.0	923.0 	1
1641.0	1520.0 	1
733.0	1711.0 	2
1691.0	1646.0 	1
874.0	317.0 	2
443.0	1797.0 	2
398.0	1999.0 	2
1020.0	843.0 	2
1849.0	1193.0 	1
160.0	1834.0 	2
254.0	867.0 	2
1701.0	1696.0 	1
716.0	956.0 	2
1675.0	625.0 	1
707.0	721.0 	2
661.0	1268.0 	2
613.0	268.0 	2
1152.0	1743.0 	1
1588.0	1194.0 	1
1849.0	1341.0 	1
1015.0	1792.0 	1
970.0	403.0 	2
600.0	1805.0 	2
1157.0	1606.0 	1
799.0	1626.0 	2
1314.0	1304.0 	1
702.0	1764.0 	2
1501.0	1848.0 	1
368.0	295.0 	2
973.0	1741.0 	1
1968.0	1396.0 	1
1819.0	393.0 	1
662.0	1081.0 	2
882.0	1432.0 	2
673.0	805.0 	2
521.0	669.0 	2
1388.0	1531.0 	1
510.0	767.0 	2
1168.0	1386.0 	1
249.0	1290.0 	2
591.0	74.0 	2
397.0	1058.0 	2
1689.0	1363.0 	1
1341.0	1458.0 	1
736.0	612.0 	2
34.0	369.0 	2
504.0	846.0 	2
983.0	1753.0 	1
354.0	1143.0 	2
1168.0	58.0 	2
1230.0	929.0 	1
24.0	1015.0 	2
1417.0	1523.0 	1
1357.0	140.0 	2
156.0	1686.0 	2
1180.0	398.0 	2
1639.0	613.0 	1
222.0	959.0 	2
1564.0	1400.0 	1
120.0	1136.0 	2
1922.0	1832.0 	1
1253.0	1861.0 	1
985.0	251.0 	2
337.0	780.0 	2
1141.0	106.0 	2
1276.0	1597.0 	1
1194.0	1419.0 	1
748.0	1634.0 	2
476.0	1503.0 	2
1761.0	1044.0 	1
964.0	1142.0 	2
314.0	1071.0 	2
1154.0	48.0 	2
1691.0	1289.0 	1
1831.0	33.0 	1
506.0	1416.0 	2
1142.0	1921.0 	1
1808.0	1225.0 	1
83.0	965.0 	2
1326.0	512.0 	2
1916.0	494.0 	1
373.0	1971.0 	2
27.0	1610.0 	2
1400.0	925.0 	1
1618.0	617.0 	1
1689.0	1132.0 	1
1528.0	1798.0 	1
1690.0	81.0 	1
250.0	28.0 	2
1763.0	750.0 	1
1600.0	1215.0 	1
530.0	1552.0 	2
1561.0	260.0 	1
447.0	1090.0 	2
1274.0	247.0 	2
322.0	624.0 	2
275.0	773.0 	2
1185.0	1732.0 	1
917.0	1622.0 	2
1262.0	365.0 	2
239.0	1928.0 	2
1223.0	1859.0 	1
230.0	929.0 	2
548.0	1134.0 	2
1446.0	1704.0 	1
1113.0	445.0 	2
1801.0	1826.0 	1
797.0	1331.0 	2
1135.0	988.0 	2
1907.0	1375.0 	1
1819.0	381.0 	1
461.0	879.0 	2
739.0	1613.0 	2
562.0	1461.0 	2
1617.0	1537.0 	1
823.0	1756.0 	2
1718.0	478.0 	1
781.0	723.0 	2
1379.0	500.0 	2
1801.0	110.0 	1
48.0	277.0 	2
1556.0	836.0 	1
1997.0	319.0 	1
303.0	1131.0 	2
1146.0	298.0 	2
1145.0	1717.0 	1
1009.0	88.0 	2
265.0	1793.0 	2
1716.0	1951.0 	1
114.0	1596.0 	2
513.0	11.0 	2
1349.0	191.0 	2
845.0	965.0 	2
701.0	364.0 	2
430.0	1761.0 	2
1409.0	1922.0 	1
1619.0	856.0 	1
936.0	1800.0 	1
1561.0	1463.0 	1
315.0	1364.0 	2
577.0	1258.0 	2
1205.0	1830.0 	1
1283.0	957.0 	1
1051.0	1040.0 	2
1740.0	653.0 	1
1226.0	633.0 	2
463.0	1405.0 	2
1411.0	1503.0 	1
1039.0	1261.0 	2
1316.0	1845.0 	1
349.0	1405.0 	2
989.0	1984.0 	1
1885.0	1345.0 	1
617.0	259.0 	2
1402.0	320.0 	2
1472.0	287.0 	2
398.0	54.0 	2
1020.0	1746.0 	1
13.0	629.0 	2
1396.0	338.0 	2
1556.0	1154.0 	1
1491.0	459.0 	1
984.0	1626.0 	1
190.0	1971.0 	2
1722.0	121.0 	1
1059.0	337.0 	2
1729.0	1066.0 	1
536.0	624.0 	2
1069.0	1643.0 	1
484.0	1695.0 	2
886.0	631.0 	2
726.0	1623.0 	2
1125.0	101.0 	2
1676.0	1850.0 	1
1985.0	447.0 	1
1237.0	1309.0 	1
929.0	657.0 	2
1495.0	1656.0 	1
1488.0	1488.0 	1
1075.0	1675.0 	1
688.0	71.0 	2
1124.0	142.0 	2
1281.0	1892.0 	1
1634.0	331.0 	1
520.0	1875.0 	2
1145.0	1014.0 	2
1521.0	1237.0 	1
601.0	65.0 	2
1398.0	869.0 	1
847.0	686.0 	2
249.0	1248.0 	2
135.0	147.0 	2
1109.0	251.0 	2
1987.0	1598.0 	1
1794.0	1895.0 	1
1126.0	1348.0 	1
394.0	794.0 	2
1755.0	690.0 	1
1777.0	1885.0 	1
1145.0	1621.0 	1
1824.0	793.0 	1
83.0	713.0 	2
1406.0	1495.0 	1
1772.0	350.0 	1
335.0	1396.0 	2
1697.0	189.0 	1
212.0	1832.0 	2
1319.0	1467.0 	1
228.0	1969.0 	2
666.0	437.0 	2
752.0	434.0 	2
705.0	1215.0 	2
372.0	1621.0 	2
641.0	1551.0 	2
1777.0	195.0 	1
583.0	1204.0 	2
296.0	295.0 	2
125.0	1358.0 	2
809.0	901.0 	2
325.0	1499.0 	2
1122.0	118.0 	2
1255.0	252.0 	2
1612.0	736.0 	1
83.0	647.0 	2
115.0	1111.0 	2
1419.0	1099.0 	1
1324.0	210.0 	2
1923.0	215.0 	1
15.0	447.0 	2
1749.0	1808.0 	1
691.0	380.0 	2
595.0	1306.0 	2
40.0	223.0 	2
1496.0	880.0 	1
1300.0	38.0 	2
188.0	736.0 	2
338.0	737.0 	2
1102.0	605.0 	2
1210.0	1902.0 	1
1185.0	367.0 	2
947.0	314.0 	2
1232.0	527.0 	2
1535.0	1692.0 	1
905.0	610.0 	2
659.0	1934.0 	2
1316.0	372.0 	2
811.0	1424.0 	2
1150.0	1202.0 	1
1668.0	930.0 	1
1754.0	1024.0 	1
877.0	559.0 	2
1522.0	932.0 	1
432.0	1367.0 	2
954.0	933.0 	2
634.0	1805.0 	2
1661.0	1521.0 	1
164.0	149.0 	2
1986.0	1576.0 	1
515.0	956.0 	2
1738.0	379.0 	1
995.0	132.0 	2
764.0	918.0 	2
322.0	1487.0 	2
337.0	1872.0 	2
937.0	1500.0 	2
23.0	1991.0 	2
773.0	1531.0 	2
1641.0	85.0 	1
1823.0	779.0 	1
1809.0	389.0 	1
895.0	749.0 	2
421.0	298.0 	2
799.0	421.0 	2
466.0	1340.0 	2
71.0	339.0 	2
1111.0	233.0 	2
859.0	149.0 	2
910.0	11.0 	2
1121.0	1646.0 	1
1339.0	807.0 	1
1889.0	593.0 	1
373.0	1619.0 	2
1703.0	595.0 	1
1834.0	274.0 	1
1064.0	410.0 	2
1771.0	997.0 	1
728.0	663.0 	2
994.0	1804.0 	1
1423.0	1146.0 	1
1175.0	1969.0 	1
1631.0	1823.0 	1
1844.0	1218.0 	1
895.0	391.0 	2
1542.0	1842.0 	1
486.0	189.0 	2
345.0	771.0 	2
752.0	1950.0 	2
574.0	131.0 	2
883.0	830.0 	2
866.0	1249.0 	2
1136.0	1616.0 	1
1344.0	1051.0 	1
1052.0	56.0 	2
1093.0	1513.0 	1
1956.0	384.0 	1
571.0	812.0 	2
1948.0	1503.0 	1
1061.0	1292.0 	2
858.0	81.0 	2
393.0	879.0 	2
1028.0	976.0 	2
1712.0	1220.0 	1
1081.0	49.0 	2
39.0	1208.0 	2
782.0	1475.0 	2
1668.0	256.0 	1
932.0	280.0 	2
1526.0	1845.0 	1
1497.0	1999.0 	1
1465.0	1302.0 	1
713.0	977.0 	2
229.0	1628.0 	2
250.0	1231.0 	2
744.0	1586.0 	2
521.0	513.0 	2
1064.0	1462.0 	1
100.0	911.0 	2
1636.0	898.0 	1
467.0	939.0 	2
154.0	1543.0 	2
63.0	1458.0 	2
152.0	1015.0 	2
1174.0	1851.0 	1
11.0	1315.0 	2
974.0	1172.0 	2
499.0	666.0 	2
225.0	1171.0 	2
973.0	53.0 	2
1828.0	205.0 	1
201.0	849.0 	2
1944.0	985.0 	1
450.0	1144.0 	2
683.0	1425.0 	2
1225.0	701.0 	2
1247.0	1786.0 	1
85.0	429.0 	2
1937.0	1283.0 	1
1098.0	1012.0 	2
1008.0	624.0 	2
195.0	1645.0 	2
427.0	1837.0 	2
1338.0	1596.0 	1
1984.0	591.0 	1
51.0	1291.0 	2
416.0	804.0 	2
1306.0	1387.0 	1
227.0	618.0 	2
13.0	1774.0 	2
809.0	566.0 	2
82.0	411.0 	2
1921.0	228.0 	1
724.0	229.0 	2
137.0	387.0 	2
403.0	1080.0 	2
1432.0	1710.0 	1
13.0	658.0 	2
1563.0	1281.0 	1
508.0	893.0 	2
1964.0	1534.0 	1
1207.0	700.0 	2
897.0	707.0 	2
914.0	359.0 	2
835.0	1845.0 	2
306.0	1329.0 	2
593.0	928.0 	2
1151.0	1302.0 	1
1180.0	1846.0 	1
420.0	1308.0 	2
1163.0	1801.0 	1
1448.0	670.0 	1
161.0	1941.0 	2
151.0	248.0 	2
1040.0	1118.0 	2
1760.0	1507.0 	1
1628.0	1745.0 	1
21.0	1298.0 	2
1231.0	566.0 	2
1415.0	1172.0 	1
1397.0	1325.0 	1
1988.0	1920.0 	1
912.0	371.0 	2
1757.0	312.0 	1
516.0	111.0 	2
1393.0	1384.0 	1
835.0	26.0 	2
104.0	1725.0 	2
965.0	404.0 	2
1083.0	870.0 	2
1704.0	757.0 	1
1859.0	1566.0 	1
279.0	1458.0 	2
950.0	394.0 	2
1608.0	358.0 	1
325.0	1848.0 	2
1956.0	665.0 	1
1650.0	535.0 	1
165.0	1004.0 	2
604.0	1380.0 	2
1753.0	1512.0 	1
313.0	320.0 	2
597.0	1497.0 	2
475.0	1629.0 	2
1180.0	1006.0 	2
558.0	1042.0 	2
914.0	126.0 	2
245.0	1274.0 	2
542.0	1368.0 	2
1907.0	1869.0 	1
103.0	942.0 	2
1734.0	1929.0 	1
630.0	343.0 	2
887.0	986.0 	2
1450.0	1466.0 	1
677.0	1321.0 	2
1447.0	1412.0 	1
93.0	816.0 	2
524.0	585.0 	2
307.0	1524.0 	2
1628.0	1828.0 	1
1039.0	1342.0 	2
595.0	726.0 	2
1231.0	237.0 	2
133.0	1776.0 	2
1804.0	1536.0 	1
592.0	543.0 	2
423.0	1134.0 	2
884.0	506.0 	2
743.0	1565.0 	2
1862.0	1246.0 	1
1737.0	329.0 	1
1187.0	638.0 	2
1691.0	1315.0 	1
1429.0	473.0 	1
1740.0	148.0 	1
1734.0	1046.0 	1
845.0	1177.0 	2
1645.0	490.0 	1
58.0	422.0 	2
1909.0	438.0 	1
1247.0	255.0 	2
1624.0	1853.0 	1
1861.0	416.0 	1
1392.0	1477.0 	1
723.0	920.0 	2
1818.0	631.0 	1
1404.0	116.0 	2
561.0	1527.0 	2
808.0	867.0 	2
1567.0	127.0 	1
1456.0	143.0 	2
1261.0	1304.0 	1
1346.0	1050.0 	1
727.0	125.0 	2
680.0	87.0 	2
180.0	549.0 	2
11.0	186.0 	2
382.0	854.0 	2
1955.0	768.0 	1
1870.0	1146.0 	1
858.0	285.0 	2
305.0	1741.0 	2
983.0	154.0 	2
1625.0	1503.0 	1
753.0	1309.0 	2
1566.0	1616.0 	1
816.0	1699.0 	2
247.0	1977.0 	2
1954.0	427.0 	1
387.0	735.0 	2
1599.0	1519.0 	1
1691.0	436.0 	1
768.0	1031.0 	2
1038.0	1839.0 	1
251.0	534.0 	2
656.0	1672.0 	2
7.0	389.0 	2
1664.0	1990.0 	1
1750.0	588.0 	1
1678.0	1635.0 	1
351.0	476.0 	2
261.0	1710.0 	2
797.0	181.0 	2
1556.0	1726.0 	1
1880.0	529.0 	1
1507.0	71.0 	2
680.0	1769.0 	2
617.0	112.0 	2
1027.0	1638.0 	1
1548.0	999.0 	1
1136.0	1588.0 	1
857.0	231.0 	2
548.0	1102.0 	2
1465.0	1923.0 	1
1637.0	907.0 	1
1255.0	516.0 	2
752.0	1523.0 	2
545.0	1944.0 	2
1534.0	907.0 	1
975.0	191.0 	2
1998.0	1876.0 	1
744.0	168.0 	2
940.0	17.0 	2
