901.0	1498.0 	3
477.0	479.0 	2
841.0	981.0 	3
159.0	1849.0 	4
471.0	1409.0 	4
1988.0	404.0 	6
1248.0	255.0 	7
1126.0	1504.0 	3
1847.0	632.0 	6
1737.0	146.0 	6
355.0	1662.0 	4
742.0	938.0 	5
597.0	584.0 	2
1316.0	1064.0 	3
200.0	13.0 	2
971.0	884.0 	3
1870.0	1400.0 	1
233.0	413.0 	2
1371.0	1390.0 	1
1245.0	911.0 	3
401.0	490.0 	2
715.0	1532.0 	4
541.0	700.0 	2
735.0	230.0 	2
1819.0	232.0 	6
125.0	1356.0 	5
36.0	694.0 	2
1980.0	1072.0 	6
45.0	505.0 	2
754.0	412.0 	2
1845.0	1055.0 	6
1769.0	845.0 	6
444.0	1766.0 	4
1517.0	1449.0 	1
1019.0	171.0 	7
1999.0	1715.0 	1
935.0	973.0 	3
563.0	523.0 	2
1536.0	702.0 	6
1986.0	1906.0 	1
21.0	374.0 	2
1512.0	417.0 	6
1350.0	1388.0 	3
1528.0	1549.0 	1
282.0	1355.0 	5
848.0	70.0 	7
1811.0	1267.0 	1
1992.0	875.0 	6
1708.0	597.0 	6
869.0	122.0 	7
1376.0	1663.0 	1
1626.0	377.0 	6
1686.0	1149.0 	1
1421.0	1177.0 	3
833.0	747.0 	7
541.0	725.0 	5
1912.0	1151.0 	1
1477.0	792.0 	6
80.0	814.0 	5
909.0	571.0 	7
115.0	135.0 	2
348.0	506.0 	2
1887.0	1230.0 	1
1002.0	470.0 	7
726.0	1042.0 	5
628.0	1277.0 	5
1234.0	1721.0 	1
681.0	284.0 	2
79.0	705.0 	5
306.0	1744.0 	4
595.0	881.0 	5
1640.0	73.0 	6
1618.0	616.0 	6
639.0	1903.0 	4
279.0	1525.0 	4
1154.0	1634.0 	3
1643.0	206.0 	6
746.0	1601.0 	4
1563.0	1892.0 	1
160.0	1797.0 	4
1498.0	1192.0 	1
552.0	1612.0 	4
1030.0	125.0 	7
1618.0	802.0 	6
1108.0	1226.0 	3
563.0	376.0 	2
1158.0	1574.0 	3
942.0	1287.0 	3
1219.0	611.0 	7
1315.0	528.0 	7
1447.0	1393.0 	1
87.0	851.0 	5
714.0	956.0 	5
1435.0	148.0 	7
874.0	1510.0 	3
477.0	403.0 	2
1075.0	1113.0 	3
1537.0	502.0 	6
1667.0	1823.0 	1
954.0	1279.0 	3
74.0	1878.0 	4
733.0	61.0 	2
1836.0	1938.0 	1
1514.0	1170.0 	1
671.0	1300.0 	5
1068.0	1065.0 	3
770.0	1342.0 	3
482.0	1972.0 	4
774.0	976.0 	3
1514.0	770.0 	6
1885.0	765.0 	6
1761.0	453.0 	6
1112.0	1105.0 	3
1736.0	116.0 	6
448.0	486.0 	2
1857.0	293.0 	6
1983.0	707.0 	6
1079.0	1310.0 	3
1858.0	1106.0 	1
978.0	1918.0 	4
1994.0	273.0 	6
1324.0	1126.0 	3
1985.0	1554.0 	1
1314.0	1209.0 	3
140.0	416.0 	2
1683.0	1812.0 	1
469.0	1317.0 	5
1621.0	918.0 	6
571.0	339.0 	2
1049.0	928.0 	3
1273.0	224.0 	7
147.0	1127.0 	5
133.0	759.0 	5
1677.0	3.0 	6
305.0	1719.0 	4
954.0	989.0 	3
700.0	1197.0 	3
190.0	1674.0 	4
1102.0	1531.0 	3
842.0	844.0 	3
1288.0	1419.0 	3
1563.0	1389.0 	1
1398.0	480.0 	7
1549.0	800.0 	6
1976.0	428.0 	6
833.0	1159.0 	3
1910.0	250.0 	6
492.0	1522.0 	4
181.0	1883.0 	4
793.0	1723.0 	4
1688.0	1951.0 	1
56.0	1176.0 	5
153.0	1549.0 	4
1692.0	748.0 	6
677.0	1226.0 	5
585.0	846.0 	5
1139.0	412.0 	7
406.0	376.0 	2
1586.0	283.0 	6
904.0	1880.0 	4
1095.0	427.0 	7
871.0	1001.0 	3
258.0	1164.0 	5
632.0	1388.0 	4
1761.0	1147.0 	1
1870.0	1312.0 	1
123.0	33.0 	2
1282.0	1604.0 	1
125.0	5.0 	2
1044.0	1616.0 	3
892.0	691.0 	7
663.0	611.0 	2
457.0	327.0 	2
1133.0	1735.0 	1
1633.0	1102.0 	1
1208.0	617.0 	7
1799.0	1597.0 	1
1063.0	932.0 	3
254.0	562.0 	2
212.0	1778.0 	4
934.0	1560.0 	3
740.0	1244.0 	3
1032.0	159.0 	7
940.0	101.0 	7
1634.0	1526.0 	1
1772.0	250.0 	6
47.0	240.0 	2
1600.0	458.0 	6
1688.0	39.0 	6
52.0	1457.0 	4
189.0	1060.0 	5
1540.0	1865.0 	1
23.0	1941.0 	4
502.0	1039.0 	5
1553.0	438.0 	6
1844.0	1386.0 	1
554.0	1673.0 	4
275.0	1826.0 	4
876.0	798.0 	3
1407.0	1818.0 	1
1336.0	1176.0 	3
1954.0	746.0 	6
102.0	663.0 	2
1465.0	592.0 	6
1822.0	50.0 	6
200.0	1493.0 	4
230.0	1096.0 	5
1152.0	296.0 	7
1737.0	261.0 	6
577.0	1503.0 	4
51.0	1322.0 	5
347.0	1003.0 	5
322.0	471.0 	2
48.0	1339.0 	5
1524.0	1958.0 	1
150.0	356.0 	2
1657.0	989.0 	6
825.0	558.0 	7
1804.0	68.0 	6
1520.0	1591.0 	1
206.0	641.0 	2
1557.0	992.0 	6
81.0	1580.0 	4
897.0	597.0 	7
1736.0	1520.0 	1
809.0	1897.0 	4
1690.0	1477.0 	1
1117.0	686.0 	7
650.0	1445.0 	4
641.0	521.0 	2
1955.0	206.0 	6
641.0	1478.0 	4
1398.0	216.0 	7
1981.0	1217.0 	1
1837.0	1579.0 	1
130.0	1453.0 	4
1854.0	1220.0 	1
511.0	836.0 	5
1832.0	96.0 	6
397.0	674.0 	2
1400.0	942.0 	3
566.0	1592.0 	4
1271.0	160.0 	7
1926.0	1161.0 	1
1790.0	1228.0 	1
935.0	1505.0 	3
733.0	253.0 	2
598.0	791.0 	5
46.0	1364.0 	5
371.0	1104.0 	5
1639.0	147.0 	6
1688.0	417.0 	6
150.0	1666.0 	4
925.0	373.0 	7
257.0	24.0 	2
69.0	1532.0 	4
1676.0	497.0 	6
741.0	930.0 	5
1446.0	312.0 	7
1396.0	99.0 	7
372.0	1276.0 	5
555.0	1841.0 	4
1981.0	665.0 	6
1835.0	910.0 	6
1644.0	486.0 	6
1740.0	1966.0 	1
649.0	73.0 	2
473.0	800.0 	5
811.0	1800.0 	4
1264.0	90.0 	7
1977.0	58.0 	6
901.0	198.0 	7
158.0	1078.0 	5
1400.0	1748.0 	1
1692.0	1076.0 	1
1321.0	1161.0 	3
450.0	1493.0 	4
1763.0	1777.0 	1
252.0	273.0 	2
419.0	184.0 	2
553.0	1266.0 	5
501.0	866.0 	5
850.0	714.0 	7
646.0	985.0 	5
1538.0	1565.0 	1
143.0	781.0 	5
159.0	1176.0 	5
1668.0	1101.0 	1
271.0	1323.0 	5
335.0	529.0 	2
1483.0	572.0 	6
901.0	1327.0 	3
1843.0	1268.0 	1
965.0	1720.0 	4
715.0	1523.0 	4
1611.0	399.0 	6
374.0	1818.0 	4
1683.0	814.0 	6
1775.0	1780.0 	1
1629.0	1512.0 	1
1277.0	1262.0 	3
613.0	463.0 	2
949.0	627.0 	7
372.0	1741.0 	4
603.0	625.0 	2
1881.0	1407.0 	1
515.0	1719.0 	4
1708.0	664.0 	6
254.0	69.0 	2
346.0	1287.0 	5
982.0	1567.0 	3
135.0	34.0 	2
1392.0	1185.0 	3
1962.0	761.0 	6
807.0	461.0 	7
1479.0	377.0 	6
1628.0	1262.0 	1
432.0	589.0 	2
1790.0	493.0 	6
1766.0	1888.0 	1
164.0	1637.0 	4
241.0	537.0 	2
785.0	926.0 	3
1729.0	1718.0 	1
749.0	1210.0 	3
89.0	288.0 	2
946.0	780.0 	3
1358.0	1028.0 	3
624.0	1285.0 	5
1766.0	1533.0 	1
1403.0	1012.0 	3
1358.0	867.0 	3
721.0	1752.0 	4
987.0	1611.0 	3
899.0	1426.0 	3
1260.0	679.0 	7
772.0	1349.0 	3
1655.0	385.0 	6
1116.0	1796.0 	1
1988.0	1696.0 	1
882.0	1015.0 	3
1408.0	1775.0 	1
283.0	250.0 	2
939.0	638.0 	7
200.0	1946.0 	4
462.0	65.0 	2
651.0	915.0 	5
294.0	740.0 	5
344.0	1846.0 	4
389.0	546.0 	2
225.0	1977.0 	4
1680.0	308.0 	6
1200.0	153.0 	7
744.0	365.0 	2
1144.0	885.0 	3
362.0	1646.0 	4
980.0	1208.0 	3
822.0	1415.0 	3
694.0	1179.0 	5
134.0	538.0 	2
422.0	1821.0 	4
499.0	907.0 	5
617.0	440.0 	2
1619.0	1369.0 	1
1855.0	1787.0 	1
948.0	1253.0 	3
1290.0	299.0 	7
1829.0	1537.0 	1
542.0	1958.0 	4
1017.0	745.0 	7
831.0	1031.0 	3
1233.0	1741.0 	1
200.0	1595.0 	4
1082.0	77.0 	7
1195.0	1098.0 	3
1599.0	37.0 	6
238.0	59.0 	2
1543.0	339.0 	6
1395.0	1045.0 	3
1185.0	1827.0 	1
1142.0	1339.0 	3
458.0	957.0 	5
203.0	587.0 	2
662.0	1296.0 	5
1937.0	875.0 	6
280.0	1797.0 	4
1980.0	565.0 	6
1211.0	1388.0 	3
1682.0	200.0 	6
205.0	917.0 	5
1753.0	1162.0 	1
340.0	915.0 	5
802.0	43.0 	7
1262.0	417.0 	7
1640.0	257.0 	6
949.0	753.0 	7
698.0	1407.0 	4
1754.0	1294.0 	1
1428.0	1774.0 	1
598.0	1329.0 	5
33.0	841.0 	5
38.0	1608.0 	4
827.0	1003.0 	3
548.0	1428.0 	4
823.0	1330.0 	3
1471.0	1363.0 	1
350.0	536.0 	2
1740.0	1451.0 	1
587.0	526.0 	2
1032.0	1694.0 	3
1173.0	1263.0 	3
1431.0	1712.0 	1
1223.0	1840.0 	1
1780.0	765.0 	6
208.0	1334.0 	5
870.0	923.0 	3
1725.0	837.0 	6
1065.0	1333.0 	3
1171.0	548.0 	7
443.0	1666.0 	4
1524.0	369.0 	6
468.0	697.0 	2
1594.0	1998.0 	1
745.0	1434.0 	3
1110.0	687.0 	7
209.0	1877.0 	4
377.0	550.0 	2
772.0	393.0 	7
622.0	1413.0 	4
108.0	944.0 	5
433.0	1627.0 	4
993.0	815.0 	3
1075.0	1343.0 	3
1950.0	1686.0 	1
1529.0	1133.0 	3
1258.0	738.0 	7
582.0	473.0 	2
111.0	1406.0 	5
1215.0	115.0 	7
1522.0	1571.0 	1
679.0	952.0 	5
296.0	1500.0 	4
173.0	213.0 	2
1282.0	540.0 	7
736.0	1101.0 	3
1017.0	272.0 	7
18.0	1872.0 	4
52.0	756.0 	5
209.0	1853.0 	4
1554.0	1605.0 	1
185.0	81.0 	2
1436.0	1428.0 	1
389.0	576.0 	2
1087.0	219.0 	7
569.0	1062.0 	5
558.0	1862.0 	4
482.0	1985.0 	4
215.0	1033.0 	5
52.0	1618.0 	4
291.0	1539.0 	4
1105.0	1917.0 	1
90.0	1123.0 	5
1448.0	939.0 	3
1590.0	111.0 	6
131.0	1357.0 	5
1636.0	1041.0 	6
694.0	50.0 	2
259.0	1520.0 	4
1957.0	399.0 	6
917.0	1248.0 	3
598.0	281.0 	2
377.0	62.0 	2
1580.0	1854.0 	1
686.0	1642.0 	4
1524.0	259.0 	6
1107.0	465.0 	7
92.0	1405.0 	5
1652.0	1333.0 	1
1205.0	590.0 	7
159.0	1245.0 	5
1167.0	1104.0 	3
139.0	1179.0 	5
301.0	197.0 	2
306.0	226.0 	2
1950.0	1497.0 	1
1086.0	309.0 	7
1510.0	1039.0 	3
1509.0	64.0 	7
1782.0	132.0 	6
1384.0	1626.0 	1
1842.0	1061.0 	6
152.0	1684.0 	4
1963.0	289.0 	6
812.0	1170.0 	3
827.0	82.0 	7
250.0	678.0 	2
1015.0	687.0 	7
1220.0	1132.0 	3
86.0	1016.0 	5
347.0	1784.0 	4
718.0	1372.0 	3
25.0	27.0 	2
1174.0	315.0 	7
298.0	1137.0 	5
1828.0	1554.0 	1
222.0	1066.0 	5
621.0	1857.0 	4
318.0	1267.0 	5
1615.0	540.0 	6
1430.0	453.0 	6
299.0	1309.0 	5
157.0	1290.0 	5
1226.0	685.0 	7
1245.0	1006.0 	3
1855.0	165.0 	6
384.0	1534.0 	4
712.0	1034.0 	5
1686.0	1119.0 	1
704.0	588.0 	2
1253.0	328.0 	7
734.0	484.0 	2
1542.0	205.0 	6
82.0	1164.0 	5
647.0	1032.0 	5
1117.0	407.0 	7
848.0	1895.0 	4
1119.0	145.0 	7
1375.0	906.0 	3
560.0	831.0 	5
157.0	747.0 	5
451.0	1148.0 	5
1784.0	1179.0 	1
1068.0	1096.0 	3
967.0	1755.0 	4
1528.0	1837.0 	1
479.0	150.0 	2
1640.0	698.0 	6
721.0	745.0 	5
1224.0	1993.0 	1
1888.0	1015.0 	6
920.0	1032.0 	3
1608.0	1777.0 	1
200.0	898.0 	5
1451.0	1932.0 	1
1168.0	255.0 	7
924.0	287.0 	7
526.0	418.0 	2
376.0	957.0 	5
927.0	1214.0 	3
288.0	1164.0 	5
1586.0	711.0 	6
1947.0	1363.0 	1
1752.0	607.0 	6
1312.0	1167.0 	3
1172.0	625.0 	7
355.0	1212.0 	5
192.0	223.0 	2
1071.0	689.0 	7
1049.0	934.0 	3
1624.0	1050.0 	6
1107.0	1964.0 	1
152.0	1298.0 	5
979.0	501.0 	7
296.0	1734.0 	4
219.0	631.0 	2
461.0	1445.0 	4
1825.0	1846.0 	1
1134.0	824.0 	3
854.0	1258.0 	3
855.0	238.0 	7
745.0	1669.0 	4
658.0	1445.0 	4
441.0	1573.0 	4
668.0	1092.0 	5
125.0	1872.0 	4
51.0	319.0 	2
384.0	420.0 	2
928.0	668.0 	7
399.0	1584.0 	4
1692.0	444.0 	6
183.0	939.0 	5
639.0	507.0 	2
1787.0	1962.0 	1
650.0	383.0 	2
638.0	1188.0 	5
1531.0	580.0 	6
1536.0	645.0 	6
1004.0	1397.0 	3
1927.0	930.0 	6
1357.0	1145.0 	3
730.0	527.0 	2
1052.0	143.0 	7
114.0	733.0 	5
200.0	299.0 	2
249.0	1080.0 	5
1149.0	1609.0 	3
1901.0	1412.0 	1
1150.0	43.0 	7
349.0	1117.0 	5
1274.0	146.0 	7
1181.0	939.0 	3
1723.0	189.0 	6
1878.0	501.0 	6
932.0	477.0 	7
368.0	554.0 	2
1455.0	112.0 	7
472.0	982.0 	5
298.0	106.0 	2
619.0	1551.0 	4
1657.0	1536.0 	1
1347.0	1592.0 	1
1606.0	1348.0 	1
974.0	1460.0 	3
172.0	849.0 	5
188.0	311.0 	2
32.0	800.0 	5
403.0	1805.0 	4
1665.0	1637.0 	1
1461.0	1650.0 	1
1285.0	861.0 	3
191.0	1572.0 	4
87.0	1911.0 	4
56.0	1017.0 	5
327.0	367.0 	2
670.0	1204.0 	5
1451.0	1270.0 	1
1505.0	559.0 	6
1981.0	1800.0 	1
145.0	1231.0 	5
1237.0	544.0 	7
989.0	286.0 	7
1118.0	294.0 	7
203.0	1598.0 	4
863.0	183.0 	7
935.0	46.0 	7
31.0	1609.0 	4
1699.0	1618.0 	1
1669.0	1204.0 	1
1599.0	706.0 	6
1741.0	525.0 	6
1998.0	1634.0 	1
1486.0	697.0 	6
275.0	318.0 	2
705.0	1762.0 	4
1775.0	1668.0 	1
595.0	1268.0 	5
581.0	1574.0 	4
247.0	1907.0 	4
152.0	1290.0 	5
546.0	1387.0 	4
1791.0	1450.0 	1
128.0	201.0 	2
1606.0	1837.0 	1
1969.0	811.0 	6
1791.0	1205.0 	1
442.0	1846.0 	4
913.0	1228.0 	3
418.0	927.0 	5
1386.0	635.0 	6
322.0	1937.0 	4
1324.0	1178.0 	3
182.0	614.0 	2
924.0	1220.0 	3
1021.0	565.0 	7
753.0	1856.0 	4
1481.0	1265.0 	1
1525.0	1797.0 	1
1490.0	621.0 	6
312.0	1724.0 	4
1168.0	635.0 	7
1558.0	894.0 	6
833.0	1135.0 	3
1370.0	1302.0 	3
629.0	437.0 	2
1774.0	858.0 	6
322.0	1803.0 	4
704.0	1855.0 	4
228.0	1597.0 	4
1113.0	1751.0 	1
1268.0	580.0 	7
790.0	281.0 	7
1914.0	1248.0 	1
117.0	1002.0 	5
115.0	228.0 	2
1896.0	53.0 	6
1100.0	1839.0 	1
1377.0	775.0 	6
429.0	902.0 	5
1714.0	1425.0 	1
1059.0	554.0 	7
649.0	661.0 	2
1104.0	376.0 	7
213.0	587.0 	2
1363.0	1474.0 	1
1614.0	869.0 	6
691.0	1510.0 	4
322.0	683.0 	2
183.0	1748.0 	4
1451.0	1371.0 	1
1357.0	1638.0 	1
950.0	483.0 	7
543.0	704.0 	2
1333.0	998.0 	3
480.0	1716.0 	4
1933.0	106.0 	6
391.0	1072.0 	5
1959.0	905.0 	6
1410.0	1494.0 	1
482.0	1812.0 	4
193.0	96.0 	2
1391.0	127.0 	7
1082.0	1017.0 	3
766.0	763.0 	5
797.0	1816.0 	4
1464.0	1703.0 	1
382.0	1479.0 	4
342.0	570.0 	2
1318.0	1263.0 	3
435.0	44.0 	2
1763.0	806.0 	6
1709.0	1387.0 	1
1590.0	218.0 	6
907.0	722.0 	7
945.0	1572.0 	3
444.0	322.0 	2
333.0	914.0 	5
238.0	1406.0 	5
1672.0	1872.0 	1
1426.0	1938.0 	1
1839.0	1239.0 	1
1859.0	1940.0 	1
264.0	1526.0 	4
206.0	1965.0 	4
337.0	1066.0 	5
758.0	336.0 	7
1487.0	857.0 	6
1581.0	417.0 	6
1794.0	217.0 	6
111.0	451.0 	2
596.0	1292.0 	5
1221.0	888.0 	3
550.0	1592.0 	4
1689.0	1798.0 	1
1234.0	746.0 	7
710.0	580.0 	2
948.0	1700.0 	4
1367.0	1043.0 	3
1143.0	1730.0 	1
1779.0	474.0 	6
1909.0	1921.0 	1
923.0	1242.0 	3
20.0	983.0 	5
1507.0	499.0 	6
461.0	1067.0 	5
1917.0	133.0 	6
271.0	833.0 	5
1483.0	410.0 	6
207.0	319.0 	2
3.0	1020.0 	5
633.0	152.0 	2
675.0	1052.0 	5
611.0	697.0 	2
636.0	1100.0 	5
1812.0	1829.0 	1
427.0	268.0 	2
619.0	1471.0 	4
590.0	1074.0 	5
1404.0	1370.0 	1
1173.0	1477.0 	3
1218.0	1910.0 	1
1331.0	1700.0 	1
1615.0	1665.0 	1
1796.0	1287.0 	1
1959.0	943.0 	6
1804.0	1633.0 	1
1444.0	1918.0 	1
1059.0	328.0 	7
1163.0	1475.0 	3
98.0	1761.0 	4
369.0	1704.0 	4
956.0	1337.0 	3
322.0	460.0 	2
1683.0	495.0 	6
1577.0	1536.0 	1
1304.0	1774.0 	1
160.0	622.0 	2
624.0	1948.0 	4
1557.0	1884.0 	1
619.0	303.0 	2
763.0	1728.0 	4
376.0	834.0 	5
1620.0	1571.0 	1
646.0	1350.0 	4
1616.0	419.0 	6
466.0	1143.0 	5
1865.0	1935.0 	1
216.0	1391.0 	5
492.0	91.0 	2
780.0	184.0 	7
1124.0	596.0 	7
1585.0	695.0 	6
1747.0	603.0 	6
916.0	222.0 	7
1134.0	1266.0 	3
1170.0	294.0 	7
986.0	215.0 	7
75.0	1199.0 	5
596.0	480.0 	2
796.0	356.0 	7
1510.0	329.0 	6
992.0	980.0 	3
848.0	1784.0 	4
302.0	1477.0 	4
999.0	1236.0 	3
488.0	26.0 	2
235.0	1441.0 	4
1549.0	1319.0 	1
1413.0	1106.0 	3
799.0	1924.0 	4
793.0	895.0 	3
1529.0	261.0 	6
1075.0	1898.0 	1
233.0	1694.0 	4
343.0	1141.0 	5
500.0	1590.0 	4
1871.0	207.0 	6
1107.0	388.0 	7
134.0	1218.0 	5
1824.0	219.0 	6
1136.0	1237.0 	3
1385.0	1696.0 	1
1816.0	1934.0 	1
427.0	1555.0 	4
613.0	1015.0 	5
1116.0	466.0 	7
1704.0	1234.0 	1
1169.0	323.0 	7
1960.0	149.0 	6
887.0	445.0 	7
1501.0	1955.0 	1
1500.0	1641.0 	1
1879.0	1407.0 	1
1133.0	1198.0 	3
1699.0	706.0 	6
1658.0	1720.0 	1
1551.0	1770.0 	1
144.0	872.0 	5
1680.0	639.0 	6
690.0	723.0 	2
192.0	688.0 	2
642.0	273.0 	2
42.0	1266.0 	5
915.0	1686.0 	4
581.0	359.0 	2
1582.0	436.0 	6
558.0	1310.0 	5
930.0	408.0 	7
1001.0	434.0 	7
1872.0	618.0 	6
1427.0	1484.0 	1
1657.0	638.0 	6
345.0	1856.0 	4
1753.0	435.0 	6
1345.0	223.0 	7
1415.0	1897.0 	1
755.0	1588.0 	4
487.0	1358.0 	5
682.0	1586.0 	4
1570.0	1679.0 	1
470.0	1714.0 	4
1840.0	836.0 	6
621.0	554.0 	2
1188.0	1372.0 	3
515.0	417.0 	2
1984.0	1531.0 	1
331.0	1714.0 	4
528.0	195.0 	2
1716.0	302.0 	6
58.0	480.0 	2
713.0	432.0 	2
979.0	701.0 	7
328.0	98.0 	2
1066.0	965.0 	3
1239.0	1977.0 	1
1491.0	1084.0 	3
427.0	1927.0 	4
360.0	1693.0 	4
1677.0	1892.0 	1
803.0	1942.0 	4
740.0	340.0 	2
308.0	286.0 	2
1884.0	1168.0 	1
1263.0	1507.0 	3
624.0	1655.0 	4
1764.0	454.0 	6
567.0	1087.0 	5
200.0	628.0 	2
274.0	1196.0 	5
469.0	699.0 	2
86.0	961.0 	5
260.0	363.0 	2
763.0	1378.0 	3
190.0	1074.0 	5
1519.0	429.0 	6
1357.0	82.0 	7
1396.0	670.0 	6
687.0	1908.0 	4
1400.0	1460.0 	1
318.0	324.0 	2
1278.0	542.0 	7
913.0	912.0 	3
879.0	94.0 	7
1743.0	1486.0 	1
469.0	726.0 	5
857.0	810.0 	3
1577.0	1645.0 	1
1100.0	1914.0 	1
634.0	211.0 	2
885.0	1412.0 	3
609.0	132.0 	2
1506.0	1728.0 	1
1105.0	406.0 	7
1280.0	964.0 	3
1326.0	162.0 	7
1465.0	1723.0 	1
7.0	356.0 	2
994.0	767.0 	7
1762.0	1741.0 	1
1134.0	312.0 	7
1044.0	975.0 	3
325.0	596.0 	2
1839.0	82.0 	6
1925.0	1084.0 	6
1169.0	1261.0 	3
1463.0	1344.0 	1
1397.0	878.0 	3
614.0	582.0 	2
1724.0	1657.0 	1
1690.0	1523.0 	1
593.0	1197.0 	5
429.0	785.0 	5
1989.0	26.0 	6
1376.0	1815.0 	1
1201.0	1127.0 	3
1755.0	1744.0 	1
221.0	1390.0 	5
178.0	1346.0 	5
1194.0	1772.0 	1
311.0	63.0 	2
1050.0	1524.0 	3
1975.0	563.0 	6
1061.0	1259.0 	3
966.0	1123.0 	3
1805.0	1744.0 	1
71.0	433.0 	2
1615.0	512.0 	6
152.0	718.0 	5
1357.0	263.0 	7
1432.0	1203.0 	3
1081.0	275.0 	7
1499.0	1144.0 	3
622.0	423.0 	2
176.0	1505.0 	4
1935.0	131.0 	6
652.0	1189.0 	5
119.0	378.0 	2
223.0	977.0 	5
1119.0	622.0 	7
160.0	718.0 	5
1426.0	805.0 	6
754.0	1754.0 	4
215.0	1668.0 	4
1702.0	1933.0 	1
1798.0	1745.0 	1
531.0	1332.0 	5
147.0	880.0 	5
1586.0	1670.0 	1
729.0	352.0 	2
721.0	1520.0 	4
1496.0	95.0 	7
913.0	545.0 	7
788.0	1500.0 	4
1938.0	217.0 	6
1065.0	335.0 	7
1982.0	1923.0 	1
1254.0	1472.0 	3
1837.0	1061.0 	6
1640.0	35.0 	6
1063.0	334.0 	7
377.0	1733.0 	4
845.0	1664.0 	4
163.0	1381.0 	5
1640.0	1443.0 	1
927.0	682.0 	7
976.0	809.0 	3
614.0	1843.0 	4
581.0	1783.0 	4
945.0	688.0 	7
270.0	1379.0 	5
142.0	168.0 	2
1209.0	335.0 	7
1597.0	1943.0 	1
1396.0	37.0 	7
1476.0	1532.0 	1
1749.0	1383.0 	1
1219.0	286.0 	7
1871.0	1016.0 	6
1057.0	971.0 	3
660.0	1962.0 	4
1730.0	967.0 	6
1727.0	487.0 	6
302.0	1877.0 	4
528.0	620.0 	2
1055.0	1260.0 	3
1111.0	1103.0 	3
181.0	891.0 	5
1218.0	1505.0 	3
1621.0	1310.0 	1
476.0	1854.0 	4
1420.0	58.0 	7
1470.0	1502.0 	1
1915.0	1320.0 	1
1634.0	1508.0 	1
505.0	1885.0 	4
1651.0	98.0 	6
209.0	224.0 	2
785.0	1733.0 	4
1001.0	668.0 	7
894.0	1954.0 	4
10.0	358.0 	2
441.0	1129.0 	5
1982.0	284.0 	6
449.0	1613.0 	4
753.0	1546.0 	4
368.0	308.0 	2
1989.0	1671.0 	1
1714.0	254.0 	6
702.0	185.0 	2
8.0	434.0 	2
1280.0	476.0 	7
1287.0	1824.0 	1
1037.0	1357.0 	3
1981.0	7.0 	6
36.0	1329.0 	5
1652.0	1877.0 	1
256.0	959.0 	5
1057.0	1749.0 	3
574.0	1577.0 	4
1877.0	638.0 	6
1362.0	1512.0 	1
264.0	1878.0 	4
798.0	1950.0 	4
251.0	1480.0 	4
1389.0	278.0 	7
123.0	68.0 	2
1303.0	1640.0 	1
1355.0	33.0 	7
864.0	1877.0 	4
213.0	582.0 	2
36.0	1353.0 	5
685.0	799.0 	5
822.0	1359.0 	3
432.0	1.0 	2
1832.0	1183.0 	1
1361.0	1292.0 	3
1348.0	840.0 	3
977.0	1600.0 	3
1289.0	1782.0 	1
843.0	1656.0 	4
434.0	119.0 	2
1082.0	1554.0 	3
1462.0	1858.0 	1
11.0	1977.0 	4
1740.0	1017.0 	6
1816.0	1755.0 	1
1109.0	1276.0 	3
1937.0	1711.0 	1
1398.0	9.0 	7
1008.0	893.0 	3
611.0	1928.0 	4
327.0	724.0 	5
1578.0	1687.0 	1
525.0	665.0 	2
900.0	1292.0 	3
14.0	1836.0 	4
1987.0	366.0 	6
482.0	19.0 	2
1960.0	1787.0 	1
191.0	1949.0 	4
1006.0	63.0 	7
310.0	976.0 	5
1576.0	1346.0 	1
1377.0	507.0 	7
1632.0	671.0 	6
849.0	966.0 	3
1377.0	7.0 	7
1591.0	273.0 	6
1065.0	870.0 	3
750.0	1932.0 	4
205.0	1822.0 	4
1321.0	711.0 	7
1603.0	1153.0 	1
942.0	411.0 	7
1063.0	130.0 	7
3.0	402.0 	2
245.0	1496.0 	4
1596.0	1624.0 	1
402.0	689.0 	2
1900.0	1445.0 	1
1806.0	1839.0 	1
1147.0	1309.0 	3
705.0	1628.0 	4
566.0	1014.0 	5
668.0	246.0 	2
301.0	434.0 	2
717.0	1111.0 	3
1179.0	477.0 	7
1688.0	225.0 	6
616.0	1338.0 	5
587.0	1004.0 	5
845.0	834.0 	3
334.0	977.0 	5
819.0	1202.0 	3
1955.0	1860.0 	1
225.0	1603.0 	4
1672.0	1161.0 	1
701.0	886.0 	5
1271.0	129.0 	7
1433.0	593.0 	6
1804.0	1069.0 	6
1302.0	219.0 	7
986.0	411.0 	7
1968.0	1822.0 	1
227.0	366.0 	2
1511.0	622.0 	6
1903.0	1558.0 	1
1186.0	681.0 	7
1381.0	1175.0 	3
1141.0	196.0 	7
1819.0	1558.0 	1
1483.0	89.0 	7
1205.0	1118.0 	3
443.0	709.0 	2
1222.0	1034.0 	3
187.0	225.0 	2
51.0	593.0 	2
1765.0	619.0 	6
928.0	1485.0 	3
1460.0	1201.0 	3
380.0	502.0 	2
1184.0	562.0 	7
1836.0	24.0 	6
1591.0	1194.0 	1
1615.0	275.0 	6
1290.0	882.0 	3
840.0	1087.0 	3
460.0	1144.0 	5
1948.0	223.0 	6
1555.0	493.0 	6
33.0	1409.0 	5
991.0	1290.0 	3
310.0	705.0 	2
932.0	1809.0 	4
835.0	900.0 	3
940.0	1373.0 	3
1090.0	1163.0 	3
1152.0	1867.0 	1
419.0	966.0 	5
425.0	493.0 	2
641.0	414.0 	2
658.0	990.0 	5
945.0	1550.0 	3
1453.0	1436.0 	1
1372.0	1287.0 	3
570.0	1871.0 	4
1876.0	250.0 	6
1171.0	351.0 	7
752.0	1915.0 	4
106.0	1238.0 	5
775.0	1168.0 	3
1856.0	636.0 	6
987.0	1180.0 	3
566.0	1059.0 	5
1636.0	1727.0 	1
940.0	66.0 	7
1718.0	626.0 	6
1246.0	468.0 	7
1707.0	1446.0 	1
18.0	1979.0 	4
1953.0	1891.0 	1
582.0	1139.0 	5
1006.0	508.0 	7
659.0	1907.0 	4
336.0	1893.0 	4
1456.0	536.0 	6
684.0	1354.0 	3
113.0	495.0 	2
500.0	1996.0 	4
1248.0	1521.0 	3
1511.0	1398.0 	1
598.0	1118.0 	5
1506.0	615.0 	6
445.0	840.0 	5
635.0	716.0 	2
1170.0	1103.0 	3
554.0	1319.0 	5
806.0	1923.0 	4
231.0	348.0 	2
1700.0	1955.0 	1
1068.0	1049.0 	3
1984.0	1431.0 	1
1172.0	1377.0 	3
1830.0	855.0 	6
937.0	1010.0 	3
1465.0	1689.0 	1
1684.0	1628.0 	1
193.0	1046.0 	5
663.0	1157.0 	5
1430.0	444.0 	6
808.0	1821.0 	4
1440.0	1106.0 	3
1750.0	294.0 	6
689.0	294.0 	2
691.0	1260.0 	3
155.0	1523.0 	4
1181.0	54.0 	7
257.0	1178.0 	5
605.0	395.0 	2
671.0	1397.0 	4
1749.0	1826.0 	1
1694.0	1657.0 	1
1385.0	630.0 	6
698.0	1710.0 	4
1412.0	270.0 	7
1108.0	817.0 	3
584.0	541.0 	2
1426.0	1246.0 	3
333.0	1121.0 	5
24.0	1998.0 	4
72.0	1643.0 	4
1251.0	1816.0 	1
1363.0	1523.0 	1
401.0	300.0 	2
528.0	1463.0 	4
1341.0	457.0 	7
1862.0	1367.0 	1
427.0	933.0 	5
1811.0	1415.0 	1
974.0	1631.0 	3
578.0	1711.0 	4
1200.0	975.0 	3
1376.0	355.0 	7
1588.0	254.0 	6
1290.0	1570.0 	1
853.0	972.0 	3
131.0	1021.0 	5
84.0	1879.0 	4
308.0	910.0 	5
148.0	1529.0 	4
918.0	328.0 	7
1394.0	796.0 	6
1437.0	1615.0 	1
1664.0	529.0 	6
0.0	468.0 	2
388.0	1756.0 	4
1242.0	1437.0 	3
1679.0	443.0 	6
1612.0	1027.0 	6
1623.0	1827.0 	1
72.0	1546.0 	4
193.0	1995.0 	4
630.0	1747.0 	4
1947.0	171.0 	6
54.0	896.0 	5
866.0	943.0 	3
1867.0	1184.0 	1
1098.0	1444.0 	3
223.0	1762.0 	4
918.0	1411.0 	3
1874.0	1609.0 	1
1994.0	1333.0 	1
382.0	1125.0 	5
366.0	72.0 	2
1678.0	381.0 	6
1683.0	1828.0 	1
457.0	1093.0 	5
1889.0	532.0 	6
1926.0	174.0 	6
93.0	369.0 	2
670.0	1018.0 	5
918.0	1458.0 	3
862.0	592.0 	7
1375.0	205.0 	7
966.0	593.0 	7
604.0	156.0 	2
421.0	847.0 	5
1737.0	1421.0 	1
1332.0	1222.0 	3
38.0	1188.0 	5
1965.0	749.0 	6
1036.0	1028.0 	3
296.0	1551.0 	4
1182.0	1187.0 	3
345.0	1025.0 	5
1323.0	1152.0 	3
1915.0	229.0 	6
243.0	1451.0 	4
249.0	1332.0 	5
798.0	9.0 	7
824.0	1603.0 	4
1645.0	1641.0 	1
1463.0	635.0 	6
673.0	780.0 	5
1761.0	917.0 	6
896.0	164.0 	7
1055.0	111.0 	7
1873.0	866.0 	6
584.0	1637.0 	4
391.0	1060.0 	5
974.0	452.0 	7
450.0	1535.0 	4
1745.0	639.0 	6
969.0	1938.0 	4
1155.0	739.0 	7
1971.0	121.0 	6
1582.0	553.0 	6
854.0	1413.0 	3
720.0	236.0 	2
483.0	346.0 	2
1522.0	152.0 	6
1188.0	1707.0 	1
1782.0	671.0 	6
503.0	725.0 	5
505.0	421.0 	2
1560.0	563.0 	6
1857.0	745.0 	6
1816.0	669.0 	6
1182.0	1325.0 	3
867.0	828.0 	3
854.0	272.0 	7
1928.0	133.0 	6
1179.0	1383.0 	3
1585.0	1327.0 	1
1622.0	489.0 	6
567.0	1037.0 	5
867.0	692.0 	7
748.0	1301.0 	3
842.0	1569.0 	4
1445.0	569.0 	6
522.0	246.0 	2
42.0	1654.0 	4
1056.0	1189.0 	3
930.0	1379.0 	3
1754.0	1427.0 	1
52.0	1921.0 	4
1992.0	1661.0 	1
1111.0	690.0 	7
34.0	547.0 	2
706.0	272.0 	2
537.0	277.0 	2
341.0	1436.0 	4
1401.0	90.0 	7
362.0	604.0 	2
910.0	486.0 	7
1111.0	1329.0 	3
880.0	575.0 	7
1418.0	1474.0 	1
689.0	1146.0 	5
1796.0	1404.0 	1
1711.0	521.0 	6
557.0	1622.0 	4
1813.0	1958.0 	1
1872.0	648.0 	6
453.0	826.0 	5
775.0	1829.0 	4
929.0	1275.0 	3
1483.0	1006.0 	3
142.0	1777.0 	4
1138.0	32.0 	7
1165.0	1693.0 	1
143.0	1801.0 	4
1828.0	754.0 	6
1619.0	1288.0 	1
1092.0	804.0 	3
1785.0	857.0 	6
742.0	932.0 	5
1631.0	1996.0 	1
1298.0	598.0 	7
1458.0	18.0 	7
1698.0	731.0 	6
517.0	1584.0 	4
150.0	621.0 	2
98.0	366.0 	2
811.0	1338.0 	3
1995.0	514.0 	6
1741.0	1438.0 	1
1071.0	802.0 	3
17.0	1137.0 	5
140.0	1999.0 	4
1269.0	1111.0 	3
1851.0	495.0 	6
515.0	811.0 	5
351.0	8.0 	2
1473.0	1999.0 	1
1010.0	1222.0 	3
1271.0	1470.0 	3
1517.0	898.0 	6
373.0	778.0 	5
1015.0	1327.0 	3
982.0	1844.0 	4
1453.0	159.0 	7
1218.0	1119.0 	3
1055.0	1546.0 	3
400.0	890.0 	5
271.0	101.0 	2
1852.0	1189.0 	1
878.0	851.0 	3
138.0	725.0 	5
1680.0	1575.0 	1
1609.0	1915.0 	1
1550.0	898.0 	6
336.0	1959.0 	4
744.0	1425.0 	3
1799.0	1906.0 	1
1902.0	141.0 	6
1234.0	487.0 	7
17.0	1766.0 	4
1446.0	1078.0 	3
311.0	1899.0 	4
685.0	924.0 	5
1301.0	414.0 	7
340.0	864.0 	5
760.0	1232.0 	3
471.0	1176.0 	5
791.0	99.0 	7
1134.0	61.0 	7
1726.0	637.0 	6
718.0	1208.0 	3
1351.0	1572.0 	1
1423.0	21.0 	7
825.0	1907.0 	4
393.0	1033.0 	5
749.0	1091.0 	3
604.0	671.0 	2
1041.0	186.0 	7
1242.0	1254.0 	3
474.0	146.0 	2
344.0	1749.0 	4
1254.0	841.0 	3
741.0	208.0 	2
1522.0	166.0 	6
1647.0	1948.0 	1
1671.0	1536.0 	1
515.0	716.0 	2
1436.0	1867.0 	1
1494.0	865.0 	6
1331.0	1370.0 	3
1193.0	209.0 	7
1419.0	248.0 	7
282.0	228.0 	2
662.0	1313.0 	5
1255.0	1875.0 	1
1827.0	210.0 	6
1965.0	1282.0 	1
839.0	536.0 	7
1519.0	48.0 	7
564.0	244.0 	2
760.0	1269.0 	3
720.0	871.0 	5
823.0	1415.0 	3
1200.0	1348.0 	3
765.0	1602.0 	4
538.0	1261.0 	5
632.0	1890.0 	4
183.0	837.0 	5
39.0	1899.0 	4
1942.0	75.0 	6
1162.0	1428.0 	3
1116.0	1503.0 	3
128.0	1843.0 	4
547.0	611.0 	2
837.0	251.0 	7
482.0	675.0 	2
458.0	780.0 	5
128.0	1580.0 	4
126.0	1181.0 	5
1500.0	351.0 	6
946.0	1648.0 	3
1741.0	1878.0 	1
1286.0	1083.0 	3
550.0	1161.0 	5
720.0	307.0 	2
912.0	1916.0 	4
962.0	914.0 	3
1788.0	1008.0 	6
1500.0	809.0 	6
878.0	1406.0 	3
50.0	219.0 	2
384.0	443.0 	2
54.0	249.0 	2
477.0	769.0 	5
1672.0	33.0 	6
1641.0	1572.0 	1
1762.0	815.0 	6
1489.0	1513.0 	1
1255.0	1388.0 	3
869.0	1168.0 	3
602.0	1820.0 	4
97.0	999.0 	5
1290.0	147.0 	7
1425.0	182.0 	7
1705.0	734.0 	6
1042.0	301.0 	7
473.0	1813.0 	4
1214.0	242.0 	7
120.0	130.0 	2
86.0	1815.0 	4
1695.0	1025.0 	6
799.0	813.0 	3
1050.0	1735.0 	3
1741.0	816.0 	6
296.0	454.0 	2
1561.0	1563.0 	1
35.0	1001.0 	5
211.0	1704.0 	4
1247.0	1132.0 	3
261.0	652.0 	2
1210.0	29.0 	7
929.0	1510.0 	3
1658.0	1529.0 	1
117.0	373.0 	2
1702.0	1594.0 	1
768.0	672.0 	7
331.0	347.0 	2
1087.0	1664.0 	3
696.0	1854.0 	4
1211.0	1425.0 	3
946.0	1812.0 	4
665.0	1825.0 	4
1310.0	225.0 	7
1816.0	515.0 	6
1863.0	732.0 	6
961.0	61.0 	7
1892.0	600.0 	6
1167.0	359.0 	7
1085.0	1378.0 	3
1219.0	1733.0 	1
964.0	341.0 	7
1611.0	1650.0 	1
274.0	936.0 	5
750.0	102.0 	2
1672.0	1968.0 	1
1899.0	706.0 	6
18.0	1564.0 	4
371.0	451.0 	2
478.0	735.0 	5
695.0	703.0 	2
1061.0	1381.0 	3
801.0	1402.0 	3
1117.0	838.0 	3
1581.0	201.0 	6
1084.0	1959.0 	1
326.0	73.0 	2
884.0	1717.0 	4
1398.0	1238.0 	3
1337.0	655.0 	7
1711.0	1622.0 	1
1616.0	1799.0 	1
1891.0	1777.0 	1
647.0	95.0 	2
615.0	28.0 	2
461.0	775.0 	5
1306.0	1064.0 	3
1875.0	1855.0 	1
508.0	1814.0 	4
738.0	1658.0 	4
183.0	473.0 	2
1783.0	1307.0 	1
965.0	1200.0 	3
531.0	989.0 	5
1988.0	898.0 	6
1150.0	418.0 	7
1616.0	911.0 	6
1603.0	934.0 	6
1215.0	1652.0 	1
1522.0	633.0 	6
1868.0	615.0 	6
93.0	840.0 	5
374.0	554.0 	2
1390.0	1491.0 	1
94.0	983.0 	5
1454.0	766.0 	6
830.0	822.0 	3
1555.0	919.0 	6
1671.0	1318.0 	1
1315.0	608.0 	7
1720.0	875.0 	6
550.0	374.0 	2
1539.0	131.0 	6
1584.0	701.0 	6
895.0	674.0 	7
518.0	960.0 	5
1573.0	1453.0 	1
104.0	1131.0 	5
598.0	1251.0 	5
275.0	1429.0 	4
467.0	1500.0 	4
359.0	1458.0 	4
946.0	1061.0 	3
890.0	280.0 	7
1346.0	538.0 	7
29.0	1302.0 	5
1918.0	217.0 	6
475.0	1626.0 	4
1358.0	1027.0 	3
262.0	1486.0 	4
476.0	892.0 	5
1464.0	710.0 	6
208.0	138.0 	2
1256.0	815.0 	3
913.0	346.0 	7
1151.0	1504.0 	3
763.0	39.0 	7
1115.0	1854.0 	1
577.0	1273.0 	5
1305.0	925.0 	3
993.0	1529.0 	3
7.0	393.0 	2
1073.0	857.0 	3
862.0	200.0 	7
423.0	1069.0 	5
1877.0	533.0 	6
1606.0	588.0 	6
1264.0	1083.0 	3
682.0	1686.0 	4
90.0	388.0 	2
1979.0	1102.0 	1
465.0	211.0 	2
158.0	132.0 	2
1716.0	1947.0 	1
951.0	1056.0 	3
1549.0	1979.0 	1
1784.0	703.0 	6
22.0	690.0 	2
852.0	1242.0 	3
220.0	1064.0 	5
683.0	1586.0 	4
1320.0	973.0 	3
521.0	319.0 	2
411.0	1244.0 	5
1222.0	124.0 	7
1264.0	242.0 	7
1956.0	2.0 	6
20.0	1054.0 	5
681.0	1132.0 	5
573.0	1928.0 	4
1339.0	1551.0 	1
1519.0	1984.0 	1
1401.0	1654.0 	1
53.0	557.0 	2
874.0	702.0 	7
437.0	1602.0 	4
538.0	1105.0 	5
340.0	1041.0 	5
1136.0	436.0 	7
1587.0	350.0 	6
1693.0	391.0 	6
1196.0	872.0 	3
768.0	1607.0 	4
1800.0	965.0 	6
1995.0	1830.0 	1
652.0	913.0 	5
953.0	512.0 	7
701.0	580.0 	2
72.0	1671.0 	4
686.0	452.0 	2
817.0	1250.0 	3
503.0	1270.0 	5
1994.0	460.0 	6
1954.0	1823.0 	1
779.0	976.0 	3
306.0	814.0 	5
273.0	171.0 	2
1849.0	541.0 	6
1416.0	859.0 	6
894.0	793.0 	3
388.0	1223.0 	5
1606.0	1350.0 	1
66.0	1600.0 	4
228.0	17.0 	2
1565.0	218.0 	6
1687.0	1413.0 	1
170.0	381.0 	2
1137.0	458.0 	7
1844.0	1026.0 	6
797.0	1255.0 	3
1194.0	1309.0 	3
1805.0	1146.0 	1
1837.0	1131.0 	1
718.0	121.0 	2
758.0	1405.0 	3
1347.0	1894.0 	1
755.0	1528.0 	4
1180.0	377.0 	7
1896.0	1101.0 	1
1443.0	1993.0 	1
1514.0	1108.0 	3
283.0	1972.0 	4
1038.0	295.0 	7
1394.0	138.0 	7
740.0	1509.0 	4
955.0	1576.0 	3
578.0	607.0 	2
885.0	981.0 	3
486.0	275.0 	2
1620.0	1115.0 	1
977.0	1487.0 	3
1060.0	650.0 	7
1244.0	611.0 	7
746.0	167.0 	2
1384.0	1967.0 	1
882.0	775.0 	3
1981.0	363.0 	6
1799.0	1413.0 	1
1062.0	671.0 	7
1391.0	632.0 	6
682.0	1058.0 	5
478.0	1152.0 	5
517.0	1492.0 	4
365.0	971.0 	5
831.0	509.0 	7
1122.0	1795.0 	1
206.0	740.0 	5
1812.0	1435.0 	1
886.0	1515.0 	3
1770.0	225.0 	6
913.0	1811.0 	4
240.0	579.0 	2
442.0	657.0 	2
273.0	123.0 	2
1314.0	1166.0 	3
707.0	1680.0 	4
1887.0	1694.0 	1
227.0	202.0 	2
1125.0	1459.0 	3
1219.0	966.0 	3
1224.0	871.0 	3
1710.0	1984.0 	1
1824.0	551.0 	6
1176.0	571.0 	7
447.0	1982.0 	4
481.0	1207.0 	5
1740.0	1654.0 	1
1645.0	1937.0 	1
718.0	724.0 	2
1059.0	1593.0 	3
529.0	1834.0 	4
393.0	1876.0 	4
1016.0	1570.0 	3
476.0	1515.0 	4
1930.0	1717.0 	1
1804.0	368.0 	6
1284.0	1073.0 	3
181.0	296.0 	2
1329.0	465.0 	7
559.0	1652.0 	4
182.0	1511.0 	4
1648.0	570.0 	6
1337.0	495.0 	7
229.0	1743.0 	4
533.0	1538.0 	4
1870.0	850.0 	6
1319.0	994.0 	3
115.0	654.0 	2
928.0	1760.0 	4
589.0	772.0 	5
161.0	1917.0 	4
1772.0	755.0 	6
171.0	1637.0 	4
1868.0	1014.0 	6
1335.0	127.0 	7
1559.0	787.0 	6
1338.0	1208.0 	3
449.0	854.0 	5
13.0	168.0 	2
1379.0	689.0 	6
1490.0	799.0 	6
823.0	1325.0 	3
921.0	1573.0 	3
1196.0	1216.0 	3
1954.0	1925.0 	1
596.0	379.0 	2
1466.0	577.0 	6
465.0	356.0 	2
751.0	656.0 	2
699.0	1739.0 	4
1380.0	1922.0 	1
417.0	1900.0 	4
72.0	177.0 	2
663.0	476.0 	2
1522.0	1133.0 	3
643.0	873.0 	5
505.0	1989.0 	4
143.0	325.0 	2
417.0	828.0 	5
1130.0	1519.0 	3
1404.0	1362.0 	1
1657.0	1567.0 	1
1996.0	26.0 	6
1436.0	727.0 	6
253.0	387.0 	2
122.0	1715.0 	4
1282.0	809.0 	3
402.0	1525.0 	4
99.0	1230.0 	5
749.0	1730.0 	4
1696.0	527.0 	6
1834.0	89.0 	6
1528.0	650.0 	6
295.0	98.0 	2
325.0	631.0 	2
257.0	1321.0 	5
1115.0	1933.0 	1
466.0	1624.0 	4
721.0	394.0 	2
69.0	214.0 	2
336.0	276.0 	2
1029.0	1541.0 	3
278.0	962.0 	5
1651.0	647.0 	6
1291.0	1873.0 	1
1900.0	230.0 	6
1027.0	1703.0 	3
1860.0	706.0 	6
780.0	1006.0 	3
1257.0	829.0 	3
344.0	957.0 	5
556.0	1025.0 	5
1890.0	1260.0 	1
747.0	76.0 	2
736.0	1887.0 	4
399.0	1046.0 	5
239.0	1143.0 	5
344.0	1058.0 	5
47.0	1923.0 	4
1372.0	236.0 	7
566.0	667.0 	2
1042.0	801.0 	3
0.0	841.0 	5
1652.0	787.0 	6
1248.0	87.0 	7
72.0	1499.0 	4
31.0	1703.0 	4
1577.0	265.0 	6
1734.0	1124.0 	1
440.0	107.0 	2
663.0	820.0 	5
982.0	606.0 	7
1896.0	1205.0 	1
995.0	153.0 	7
175.0	1467.0 	4
647.0	1757.0 	4
1648.0	1339.0 	1
808.0	93.0 	7
709.0	1120.0 	5
1588.0	449.0 	6
630.0	2.0 	2
1845.0	1164.0 	1
409.0	1487.0 	4
1265.0	1457.0 	3
1066.0	289.0 	7
1088.0	1976.0 	1
1149.0	254.0 	7
1733.0	1342.0 	1
438.0	1334.0 	5
1797.0	265.0 	6
492.0	1194.0 	5
1298.0	174.0 	7
1260.0	356.0 	7
470.0	440.0 	2
1565.0	669.0 	6
988.0	996.0 	3
1357.0	414.0 	7
1590.0	1000.0 	6
994.0	1883.0 	4
635.0	1721.0 	4
1011.0	856.0 	3
1460.0	228.0 	7
915.0	1249.0 	3
1573.0	139.0 	6
900.0	103.0 	7
1268.0	83.0 	7
1124.0	1551.0 	3
443.0	572.0 	2
1381.0	1794.0 	1
199.0	1463.0 	4
1927.0	609.0 	6
964.0	1531.0 	3
1275.0	1997.0 	1
1099.0	1610.0 	3
777.0	1314.0 	3
1912.0	1727.0 	1
599.0	1887.0 	4
1682.0	1287.0 	1
1881.0	278.0 	6
201.0	956.0 	5
310.0	1895.0 	4
1324.0	488.0 	7
1531.0	279.0 	6
1731.0	537.0 	6
1790.0	1277.0 	1
1434.0	335.0 	7
520.0	1830.0 	4
650.0	1113.0 	5
1848.0	207.0 	6
1642.0	1550.0 	1
478.0	41.0 	2
864.0	244.0 	7
22.0	848.0 	5
313.0	1683.0 	4
1793.0	1065.0 	6
1798.0	1976.0 	1
970.0	699.0 	7
818.0	914.0 	3
385.0	1381.0 	5
390.0	303.0 	2
1950.0	182.0 	6
1368.0	1997.0 	1
462.0	219.0 	2
817.0	160.0 	7
1286.0	1612.0 	1
857.0	1599.0 	4
510.0	368.0 	2
1107.0	503.0 	7
31.0	1181.0 	5
1826.0	1503.0 	1
718.0	1871.0 	4
1211.0	1730.0 	1
1142.0	626.0 	7
1678.0	456.0 	6
148.0	1254.0 	5
221.0	113.0 	2
1246.0	572.0 	7
1171.0	1029.0 	3
233.0	1256.0 	5
1149.0	14.0 	7
251.0	468.0 	2
441.0	881.0 	5
970.0	1704.0 	4
235.0	1317.0 	5
1080.0	1703.0 	3
1020.0	1249.0 	3
268.0	1329.0 	5
282.0	1259.0 	5
433.0	1198.0 	5
548.0	1825.0 	4
879.0	1533.0 	3
1879.0	1167.0 	1
1758.0	881.0 	6
479.0	794.0 	5
94.0	1242.0 	5
1609.0	1680.0 	1
292.0	1074.0 	5
558.0	443.0 	2
592.0	91.0 	2
1980.0	1232.0 	1
1131.0	1706.0 	1
30.0	977.0 	5
1193.0	158.0 	7
1502.0	205.0 	6
141.0	964.0 	5
1550.0	1216.0 	1
151.0	1958.0 	4
80.0	1435.0 	5
1165.0	1256.0 	3
1162.0	472.0 	7
564.0	1496.0 	4
1775.0	1874.0 	1
1871.0	700.0 	6
1801.0	1294.0 	1
1406.0	891.0 	3
1499.0	1000.0 	3
388.0	337.0 	2
1379.0	218.0 	7
1028.0	1591.0 	3
323.0	1213.0 	5
1481.0	1949.0 	1
360.0	1247.0 	5
1444.0	1592.0 	1
1124.0	588.0 	7
138.0	1673.0 	4
1473.0	750.0 	6
761.0	1409.0 	3
1417.0	1831.0 	1
1756.0	982.0 	6
1022.0	1836.0 	4
1675.0	1623.0 	1
1803.0	736.0 	6
238.0	1155.0 	5
528.0	761.0 	5
