3822.0	1798.0 	1
3234.0	3076.0 	2
2503.0	2467.0 	2
4304.0	134.0 	1
2390.0	961.0 	1
752.0	221.0 	1
495.0	4290.0 	2
438.0	4863.0 	2
2707.0	2973.0 	2
1943.0	4978.0 	2
3147.0	1966.0 	1
800.0	734.0 	1
42.0	4561.0 	2
4244.0	3875.0 	2
3254.0	1094.0 	1
2657.0	1906.0 	1
4938.0	2906.0 	2
4497.0	1133.0 	1
2635.0	1957.0 	1
1093.0	226.0 	1
3168.0	324.0 	1
212.0	1674.0 	1
4090.0	1748.0 	1
3059.0	1858.0 	1
3767.0	1011.0 	1
1277.0	1857.0 	1
3133.0	4404.0 	2
661.0	3094.0 	2
4015.0	984.0 	1
1128.0	1035.0 	1
4215.0	1228.0 	1
4089.0	3836.0 	2
563.0	233.0 	1
3176.0	2693.0 	2
4760.0	4490.0 	2
3135.0	3082.0 	2
3950.0	1111.0 	1
508.0	4244.0 	2
797.0	3952.0 	2
4553.0	4265.0 	2
412.0	1217.0 	1
318.0	460.0 	1
645.0	4259.0 	2
1578.0	4606.0 	2
3837.0	1037.0 	1
4544.0	889.0 	1
985.0	1526.0 	1
4048.0	1179.0 	1
1531.0	2788.0 	2
342.0	1738.0 	1
3583.0	3745.0 	2
1419.0	4046.0 	2
342.0	1201.0 	1
2096.0	4680.0 	2
139.0	1533.0 	1
4140.0	4210.0 	2
4525.0	4863.0 	2
4685.0	200.0 	1
2141.0	394.0 	1
4768.0	3952.0 	2
684.0	625.0 	1
2042.0	455.0 	1
1815.0	2190.0 	1
3043.0	437.0 	1
34.0	2267.0 	2
4416.0	1132.0 	1
3164.0	3811.0 	2
3987.0	1990.0 	1
4996.0	4219.0 	2
2830.0	2668.0 	2
3687.0	4461.0 	2
3674.0	1661.0 	1
3441.0	4937.0 	2
4795.0	4354.0 	2
3289.0	2948.0 	2
2721.0	3704.0 	2
2557.0	3761.0 	2
2338.0	454.0 	1
1023.0	4076.0 	2
77.0	2543.0 	2
2530.0	4550.0 	2
3951.0	274.0 	1
4859.0	37.0 	1
2243.0	4719.0 	2
4185.0	4.0 	1
244.0	4915.0 	2
4933.0	548.0 	1
2082.0	3397.0 	2
3545.0	3069.0 	2
796.0	4430.0 	2
2384.0	4134.0 	2
101.0	4784.0 	2
4425.0	3643.0 	2
2343.0	3664.0 	2
4256.0	905.0 	1
1569.0	370.0 	1
61.0	2383.0 	2
1403.0	559.0 	1
4376.0	3446.0 	2
1723.0	834.0 	1
1643.0	153.0 	1
2034.0	721.0 	1
674.0	2248.0 	1
3919.0	4293.0 	2
4924.0	4273.0 	2
1801.0	1554.0 	1
4446.0	1995.0 	1
1215.0	4423.0 	2
3353.0	4540.0 	2
2586.0	3074.0 	2
3366.0	945.0 	1
396.0	391.0 	1
829.0	4542.0 	2
1289.0	284.0 	1
3186.0	1074.0 	1
4288.0	2205.0 	1
219.0	19.0 	1
3149.0	1344.0 	1
3977.0	3486.0 	2
3598.0	3941.0 	2
2138.0	4790.0 	2
618.0	1601.0 	1
4979.0	4578.0 	2
2133.0	2349.0 	1
2226.0	2129.0 	1
4609.0	3230.0 	2
2264.0	4127.0 	2
3719.0	1463.0 	1
2709.0	3808.0 	2
212.0	3572.0 	2
3766.0	4097.0 	2
4061.0	2385.0 	1
2874.0	4128.0 	2
2729.0	3550.0 	2
3630.0	1623.0 	1
1644.0	3247.0 	2
1757.0	4814.0 	2
2659.0	2945.0 	2
2284.0	3863.0 	2
3390.0	4702.0 	2
4964.0	763.0 	1
3554.0	2874.0 	2
3307.0	2458.0 	1
2060.0	1004.0 	1
4627.0	2487.0 	1
1471.0	4061.0 	2
3880.0	3991.0 	2
994.0	2352.0 	2
392.0	2647.0 	2
2552.0	1742.0 	1
1436.0	7.0 	1
3421.0	1545.0 	1
790.0	853.0 	1
1514.0	541.0 	1
2808.0	3274.0 	2
1868.0	3504.0 	2
4916.0	2414.0 	1
4258.0	1474.0 	1
787.0	2389.0 	2
715.0	1214.0 	1
3133.0	3359.0 	2
4647.0	866.0 	1
2829.0	2766.0 	2
377.0	2420.0 	2
2021.0	4769.0 	2
3242.0	725.0 	1
3623.0	1044.0 	1
4729.0	283.0 	1
2937.0	4515.0 	2
1676.0	693.0 	1
646.0	3278.0 	2
71.0	2730.0 	2
2003.0	790.0 	1
3962.0	3535.0 	2
4540.0	3919.0 	2
1199.0	4522.0 	2
1106.0	508.0 	1
2164.0	943.0 	1
311.0	1265.0 	1
2289.0	1841.0 	1
2293.0	929.0 	1
4770.0	129.0 	1
3817.0	3714.0 	2
551.0	2742.0 	2
4618.0	654.0 	1
2799.0	3340.0 	2
1767.0	3782.0 	2
3004.0	445.0 	1
4069.0	204.0 	1
1744.0	2317.0 	1
3456.0	3537.0 	2
654.0	2300.0 	2
1595.0	408.0 	1
2862.0	1566.0 	1
2859.0	4559.0 	2
1089.0	4873.0 	2
4973.0	90.0 	1
4351.0	4272.0 	2
2050.0	2256.0 	1
2167.0	488.0 	1
3480.0	3001.0 	2
3775.0	2188.0 	1
3486.0	2729.0 	2
3324.0	3654.0 	2
4446.0	1592.0 	1
3138.0	1478.0 	1
181.0	3913.0 	2
1010.0	1376.0 	1
2002.0	2283.0 	1
1035.0	1631.0 	1
4772.0	4878.0 	2
1651.0	4161.0 	2
2415.0	708.0 	1
733.0	2475.0 	2
1705.0	856.0 	1
1514.0	3243.0 	2
976.0	1771.0 	1
722.0	1006.0 	1
2537.0	1449.0 	1
1790.0	1275.0 	1
4393.0	4263.0 	2
1181.0	3752.0 	2
3034.0	4672.0 	2
2987.0	1202.0 	1
4459.0	2593.0 	1
4334.0	2460.0 	1
2360.0	1119.0 	1
4866.0	4198.0 	2
2096.0	502.0 	1
575.0	300.0 	1
2011.0	2108.0 	1
2867.0	4139.0 	2
4262.0	1670.0 	1
4471.0	2893.0 	2
2615.0	986.0 	1
2333.0	579.0 	1
940.0	2997.0 	2
1729.0	4662.0 	2
155.0	3974.0 	2
1749.0	1489.0 	1
2660.0	1156.0 	1
492.0	571.0 	1
61.0	4632.0 	2
3068.0	2474.0 	1
3479.0	1907.0 	1
73.0	2130.0 	1
2089.0	2964.0 	2
4444.0	4270.0 	2
1686.0	4475.0 	2
115.0	3538.0 	2
2045.0	2509.0 	2
2406.0	1264.0 	1
42.0	509.0 	1
46.0	489.0 	1
3728.0	1699.0 	1
3593.0	1826.0 	1
937.0	3878.0 	2
2310.0	3430.0 	2
2461.0	4153.0 	2
2541.0	870.0 	1
896.0	3211.0 	2
4062.0	1931.0 	1
3612.0	3706.0 	2
1414.0	2359.0 	2
2468.0	3074.0 	2
2771.0	405.0 	1
4707.0	1357.0 	1
284.0	2904.0 	2
1803.0	1652.0 	1
1785.0	3179.0 	2
4887.0	514.0 	1
600.0	917.0 	1
270.0	4050.0 	2
3620.0	1942.0 	1
258.0	1157.0 	1
3006.0	2681.0 	2
2718.0	1526.0 	1
548.0	4088.0 	2
4179.0	1492.0 	1
4948.0	921.0 	1
3886.0	4107.0 	2
1541.0	1460.0 	1
2009.0	2623.0 	2
99.0	2760.0 	2
4236.0	3199.0 	2
1400.0	2348.0 	2
4600.0	3138.0 	2
3429.0	1358.0 	1
3884.0	3457.0 	2
1721.0	771.0 	1
2078.0	4696.0 	2
4824.0	2321.0 	1
1946.0	653.0 	1
4912.0	887.0 	1
1306.0	1448.0 	1
4241.0	517.0 	1
1467.0	4492.0 	2
2111.0	4830.0 	2
2911.0	4559.0 	2
2432.0	911.0 	1
2868.0	1514.0 	1
2767.0	2138.0 	1
3009.0	1018.0 	1
1420.0	3040.0 	2
1218.0	3209.0 	2
1780.0	109.0 	1
2238.0	4534.0 	2
4613.0	1130.0 	1
567.0	2633.0 	2
163.0	1391.0 	1
4552.0	4881.0 	2
4169.0	2845.0 	2
4766.0	878.0 	1
2441.0	378.0 	1
2216.0	589.0 	1
1010.0	3345.0 	2
955.0	3673.0 	2
556.0	4748.0 	2
2263.0	4806.0 	2
1159.0	3103.0 	2
1064.0	4931.0 	2
2077.0	3556.0 	2
875.0	2903.0 	2
1127.0	81.0 	1
1122.0	3493.0 	2
100.0	3703.0 	2
1582.0	904.0 	1
201.0	2460.0 	2
4137.0	3551.0 	2
971.0	1081.0 	1
49.0	1124.0 	1
4497.0	584.0 	1
828.0	4621.0 	2
2306.0	1255.0 	1
3280.0	1003.0 	1
4206.0	4403.0 	2
1057.0	3606.0 	2
1957.0	890.0 	1
4295.0	3517.0 	2
182.0	3738.0 	2
2014.0	1445.0 	1
184.0	4817.0 	2
1577.0	1499.0 	1
2770.0	2033.0 	1
294.0	2994.0 	2
4952.0	4738.0 	2
3921.0	153.0 	1
1672.0	160.0 	1
563.0	3666.0 	2
1370.0	515.0 	1
1812.0	4504.0 	2
2778.0	4883.0 	2
2115.0	4264.0 	2
3375.0	4570.0 	2
4601.0	2094.0 	1
3323.0	3136.0 	2
36.0	1154.0 	1
3625.0	1221.0 	1
1839.0	1613.0 	1
4600.0	2191.0 	1
106.0	2557.0 	2
168.0	2407.0 	2
481.0	4691.0 	2
579.0	3532.0 	2
4986.0	1733.0 	1
3894.0	422.0 	1
112.0	4969.0 	2
1098.0	1695.0 	1
3497.0	2119.0 	1
694.0	2535.0 	2
1700.0	1425.0 	1
4409.0	1527.0 	1
3816.0	1087.0 	1
1651.0	147.0 	1
3535.0	682.0 	1
4735.0	2239.0 	1
1997.0	1159.0 	1
2158.0	4505.0 	2
3539.0	2540.0 	1
23.0	1679.0 	1
1223.0	2539.0 	2
365.0	4415.0 	2
4473.0	4449.0 	2
2019.0	3719.0 	2
2860.0	3454.0 	2
4048.0	3183.0 	2
2355.0	3799.0 	2
2208.0	2691.0 	2
4304.0	3824.0 	2
856.0	3686.0 	2
4611.0	719.0 	1
2695.0	2873.0 	2
945.0	4387.0 	2
1675.0	3226.0 	2
2444.0	3550.0 	2
4753.0	1361.0 	1
4688.0	1452.0 	1
303.0	4668.0 	2
2743.0	3436.0 	2
3427.0	2785.0 	2
4443.0	1487.0 	1
906.0	1481.0 	1
3440.0	4542.0 	2
3014.0	190.0 	1
3612.0	2641.0 	2
1264.0	1168.0 	1
3676.0	2504.0 	1
4426.0	788.0 	1
3565.0	1161.0 	1
687.0	153.0 	1
3727.0	3617.0 	2
1512.0	1968.0 	1
3519.0	648.0 	1
1710.0	2721.0 	2
4476.0	271.0 	1
400.0	2967.0 	2
2895.0	3387.0 	2
128.0	4007.0 	2
4079.0	2531.0 	1
2999.0	1492.0 	1
1468.0	903.0 	1
773.0	4101.0 	2
4284.0	4358.0 	2
1961.0	2629.0 	2
3941.0	2255.0 	1
3870.0	199.0 	1
3943.0	1888.0 	1
276.0	3721.0 	2
2081.0	2564.0 	2
3626.0	4637.0 	2
3450.0	2492.0 	1
1886.0	272.0 	1
3757.0	3663.0 	2
623.0	2909.0 	2
3336.0	3520.0 	2
1533.0	2658.0 	2
4285.0	2108.0 	1
341.0	1352.0 	1
2783.0	2643.0 	2
2753.0	3438.0 	2
1304.0	2660.0 	2
813.0	1705.0 	1
1732.0	2994.0 	2
3277.0	4707.0 	2
595.0	3783.0 	2
4530.0	225.0 	1
3282.0	3303.0 	2
3343.0	2322.0 	1
543.0	2209.0 	1
2672.0	382.0 	1
343.0	3992.0 	2
408.0	4144.0 	2
1746.0	1699.0 	1
2738.0	2659.0 	2
3344.0	2920.0 	2
667.0	891.0 	1
4859.0	3225.0 	2
3871.0	3323.0 	2
914.0	2713.0 	2
2998.0	927.0 	1
4318.0	777.0 	1
2328.0	1153.0 	1
3449.0	1667.0 	1
1643.0	459.0 	1
1135.0	414.0 	1
54.0	3997.0 	2
3983.0	3929.0 	2
1837.0	3823.0 	2
1321.0	1804.0 	1
2927.0	3451.0 	2
1117.0	3620.0 	2
2779.0	1731.0 	1
4563.0	2449.0 	1
2850.0	4303.0 	2
4673.0	2594.0 	1
4663.0	2560.0 	1
2495.0	3744.0 	2
2235.0	4778.0 	2
2757.0	4585.0 	2
2906.0	2455.0 	1
3023.0	3293.0 	2
4597.0	325.0 	1
394.0	2191.0 	1
897.0	372.0 	1
3352.0	3945.0 	2
1679.0	1934.0 	1
4543.0	2431.0 	1
1561.0	3949.0 	2
3323.0	1210.0 	1
2292.0	4728.0 	2
1356.0	2866.0 	2
4146.0	1701.0 	1
3741.0	3990.0 	2
2312.0	158.0 	1
2929.0	908.0 	1
3854.0	4365.0 	2
1287.0	3605.0 	2
2758.0	3369.0 	2
1078.0	3619.0 	2
2387.0	4592.0 	2
2877.0	3013.0 	2
2156.0	29.0 	1
2095.0	3121.0 	2
4837.0	754.0 	1
1269.0	218.0 	1
3378.0	1023.0 	1
1342.0	3170.0 	2
4244.0	1904.0 	1
2580.0	2177.0 	1
1395.0	4532.0 	2
4180.0	4881.0 	2
4124.0	2989.0 	2
2779.0	1136.0 	1
1334.0	2249.0 	1
1859.0	4727.0 	2
2190.0	1848.0 	1
1621.0	4892.0 	2
2773.0	1597.0 	1
1720.0	4595.0 	2
1788.0	2164.0 	1
2496.0	2914.0 	2
1899.0	1109.0 	1
9.0	4236.0 	2
2954.0	1267.0 	1
196.0	2598.0 	2
4902.0	4651.0 	2
378.0	2866.0 	2
4191.0	625.0 	1
2394.0	4859.0 	2
738.0	2228.0 	1
778.0	826.0 	1
31.0	4049.0 	2
4584.0	3165.0 	2
596.0	2126.0 	1
2939.0	3018.0 	2
4962.0	1065.0 	1
4062.0	731.0 	1
98.0	2532.0 	2
3356.0	4999.0 	2
2966.0	32.0 	1
3714.0	2324.0 	1
4768.0	1527.0 	1
3636.0	2490.0 	1
726.0	2103.0 	1
1566.0	2899.0 	2
4977.0	3240.0 	2
4877.0	4651.0 	2
3096.0	2146.0 	1
4143.0	4633.0 	2
3587.0	4282.0 	2
1595.0	4207.0 	2
2649.0	3075.0 	2
2289.0	2657.0 	2
836.0	2099.0 	1
2820.0	3032.0 	2
4050.0	4302.0 	2
4612.0	4304.0 	2
508.0	327.0 	1
4973.0	3459.0 	2
2489.0	3064.0 	2
2364.0	1584.0 	1
1881.0	4439.0 	2
1174.0	1885.0 	1
77.0	2302.0 	2
2834.0	3936.0 	2
4692.0	1049.0 	1
2012.0	2801.0 	2
3848.0	3155.0 	2
3132.0	4144.0 	2
1989.0	3214.0 	2
3550.0	2282.0 	1
2241.0	3361.0 	2
2645.0	210.0 	1
174.0	4283.0 	2
4245.0	3724.0 	2
1312.0	653.0 	1
319.0	2454.0 	2
233.0	1194.0 	1
4687.0	2685.0 	1
4408.0	3645.0 	2
1056.0	2793.0 	2
2487.0	3177.0 	2
471.0	4001.0 	2
4650.0	2174.0 	1
4215.0	874.0 	1
4951.0	2395.0 	1
2587.0	3885.0 	2
3568.0	1492.0 	1
1413.0	1336.0 	1
629.0	4075.0 	2
3953.0	1899.0 	1
744.0	4137.0 	2
4571.0	1989.0 	1
180.0	2354.0 	2
369.0	3417.0 	2
2356.0	1346.0 	1
3372.0	4603.0 	2
3150.0	3352.0 	2
3889.0	2506.0 	1
624.0	2468.0 	2
869.0	4060.0 	2
2187.0	3428.0 	2
2104.0	1395.0 	1
4067.0	2453.0 	1
2282.0	3424.0 	2
1195.0	2474.0 	2
2999.0	3837.0 	2
2095.0	1018.0 	1
1777.0	4755.0 	2
1990.0	3786.0 	2
4466.0	3021.0 	2
1179.0	2426.0 	2
354.0	280.0 	1
4738.0	1538.0 	1
2789.0	1913.0 	1
3996.0	3693.0 	2
1846.0	218.0 	1
3325.0	1762.0 	1
1043.0	1854.0 	1
1189.0	1659.0 	1
220.0	575.0 	1
3722.0	2062.0 	1
1189.0	2215.0 	1
4830.0	1048.0 	1
4791.0	4695.0 	2
803.0	4116.0 	2
4337.0	343.0 	1
2572.0	77.0 	1
4179.0	2839.0 	2
2165.0	3343.0 	2
4779.0	2226.0 	1
2502.0	3737.0 	2
250.0	2905.0 	2
1211.0	2940.0 	2
4589.0	2519.0 	1
1666.0	3038.0 	2
2154.0	2316.0 	1
1601.0	3026.0 	2
3547.0	187.0 	1
2828.0	3588.0 	2
1352.0	4810.0 	2
4983.0	3071.0 	2
3115.0	925.0 	1
827.0	1312.0 	1
614.0	1339.0 	1
555.0	4640.0 	2
2765.0	4085.0 	2
4604.0	403.0 	1
1438.0	3194.0 	2
2047.0	1215.0 	1
1762.0	1727.0 	1
2778.0	3067.0 	2
2190.0	1832.0 	1
3471.0	1918.0 	1
203.0	2226.0 	2
2608.0	3388.0 	2
1118.0	3864.0 	2
2383.0	884.0 	1
4231.0	1070.0 	1
1660.0	469.0 	1
91.0	1967.0 	1
3576.0	4915.0 	2
1971.0	4876.0 	2
2435.0	2032.0 	1
657.0	3001.0 	2
3631.0	157.0 	1
799.0	4849.0 	2
1102.0	2444.0 	2
2999.0	2395.0 	1
1037.0	1798.0 	1
3088.0	871.0 	1
3941.0	2281.0 	1
1035.0	3851.0 	2
560.0	2718.0 	2
3388.0	3610.0 	2
1090.0	662.0 	1
2969.0	4829.0 	2
2113.0	583.0 	1
121.0	4142.0 	2
2839.0	434.0 	1
2280.0	4595.0 	2
175.0	271.0 	1
1056.0	525.0 	1
4809.0	3574.0 	2
3275.0	187.0 	1
4331.0	732.0 	1
2381.0	4820.0 	2
683.0	3691.0 	2
619.0	860.0 	1
2254.0	2851.0 	2
4490.0	4480.0 	2
4186.0	2558.0 	1
4662.0	1101.0 	1
4618.0	380.0 	1
2016.0	1775.0 	1
2061.0	3065.0 	2
1962.0	2725.0 	2
4561.0	644.0 	1
666.0	280.0 	1
2607.0	2568.0 	2
940.0	2024.0 	1
3372.0	4058.0 	2
3546.0	3742.0 	2
1136.0	2442.0 	2
1360.0	2435.0 	2
4045.0	2930.0 	2
2888.0	3138.0 	2
1449.0	741.0 	1
4518.0	2517.0 	1
3017.0	3554.0 	2
4783.0	1274.0 	1
500.0	2835.0 	2
3351.0	4608.0 	2
2276.0	3844.0 	2
4307.0	2990.0 	2
4995.0	799.0 	1
2276.0	3868.0 	2
3002.0	3754.0 	2
1881.0	931.0 	1
875.0	4356.0 	2
2112.0	4935.0 	2
1938.0	3535.0 	2
317.0	1173.0 	1
10.0	4538.0 	2
3698.0	1640.0 	1
2545.0	3894.0 	2
592.0	4842.0 	2
4066.0	2476.0 	1
3212.0	2428.0 	1
1703.0	946.0 	1
1307.0	2702.0 	2
3226.0	3583.0 	2
2834.0	891.0 	1
894.0	4624.0 	2
2271.0	2609.0 	2
3649.0	3730.0 	2
225.0	154.0 	1
3028.0	2807.0 	2
4137.0	851.0 	1
621.0	650.0 	1
182.0	360.0 	1
2086.0	2987.0 	2
1886.0	2878.0 	2
2891.0	3210.0 	2
1643.0	2160.0 	1
1468.0	651.0 	1
3736.0	3715.0 	2
2373.0	2365.0 	1
445.0	1135.0 	1
3629.0	3136.0 	2
2472.0	2558.0 	2
1352.0	1317.0 	1
4351.0	1830.0 	1
441.0	1148.0 	1
798.0	3371.0 	2
365.0	470.0 	1
3165.0	3087.0 	2
4228.0	4503.0 	2
120.0	1185.0 	1
1429.0	3984.0 	2
3740.0	2433.0 	1
4357.0	3085.0 	2
1170.0	3730.0 	2
573.0	2553.0 	2
1274.0	32.0 	1
2509.0	2175.0 	1
1697.0	1205.0 	1
4139.0	3527.0 	2
4391.0	2158.0 	1
2022.0	2761.0 	2
3001.0	1936.0 	1
504.0	2886.0 	2
917.0	4246.0 	2
1830.0	4783.0 	2
4886.0	3938.0 	2
4663.0	876.0 	1
3426.0	2280.0 	1
3055.0	68.0 	1
141.0	287.0 	1
4484.0	1176.0 	1
1056.0	4850.0 	2
1050.0	3060.0 	2
3051.0	4418.0 	2
1571.0	1311.0 	1
441.0	3885.0 	2
1844.0	134.0 	1
860.0	1515.0 	1
785.0	4088.0 	2
227.0	1512.0 	1
4775.0	4108.0 	2
3942.0	4552.0 	2
2796.0	2249.0 	1
3018.0	2393.0 	1
2529.0	577.0 	1
3274.0	2389.0 	1
2081.0	266.0 	1
359.0	265.0 	1
55.0	1182.0 	1
4834.0	3235.0 	2
1378.0	1840.0 	1
4016.0	796.0 	1
3654.0	1777.0 	1
2505.0	4502.0 	2
2216.0	3808.0 	2
3991.0	3467.0 	2
1369.0	2631.0 	2
4782.0	4140.0 	2
2474.0	1219.0 	1
3692.0	1162.0 	1
460.0	3545.0 	2
367.0	4678.0 	2
4948.0	2171.0 	1
1335.0	4235.0 	2
4596.0	3935.0 	2
3247.0	3968.0 	2
2816.0	590.0 	1
4618.0	4525.0 	2
2352.0	2556.0 	2
3912.0	4410.0 	2
52.0	2509.0 	2
4491.0	3780.0 	2
1758.0	1543.0 	1
3091.0	623.0 	1
2140.0	1309.0 	1
3359.0	1323.0 	1
4550.0	797.0 	1
4366.0	4013.0 	2
812.0	3321.0 	2
1870.0	4561.0 	2
2617.0	1168.0 	1
1536.0	1129.0 	1
3894.0	63.0 	1
3048.0	806.0 	1
2079.0	631.0 	1
4577.0	3382.0 	2
104.0	3544.0 	2
4131.0	731.0 	1
1928.0	2974.0 	2
2500.0	4767.0 	2
2410.0	2013.0 	1
517.0	1000.0 	1
1986.0	2883.0 	2
3797.0	3070.0 	2
2031.0	966.0 	1
869.0	4596.0 	2
4987.0	3276.0 	2
3849.0	1542.0 	1
3242.0	4812.0 	2
2289.0	4997.0 	2
2906.0	4052.0 	2
1404.0	2344.0 	1
2378.0	2193.0 	1
2876.0	3253.0 	2
1288.0	553.0 	1
4640.0	1008.0 	1
2947.0	4454.0 	2
2654.0	4451.0 	2
1744.0	355.0 	1
3178.0	4149.0 	2
4524.0	2710.0 	2
2953.0	1559.0 	1
3833.0	3568.0 	2
1160.0	3696.0 	2
4013.0	244.0 	1
746.0	4231.0 	2
174.0	799.0 	1
3520.0	3036.0 	2
1276.0	7.0 	1
4161.0	3094.0 	2
2756.0	1046.0 	1
3488.0	2919.0 	2
707.0	2217.0 	1
3796.0	2560.0 	1
92.0	1383.0 	1
3014.0	4319.0 	2
4739.0	3513.0 	2
978.0	3228.0 	2
2488.0	304.0 	1
2494.0	3740.0 	2
981.0	2826.0 	2
3892.0	4749.0 	2
2728.0	4458.0 	2
4786.0	914.0 	1
1801.0	4218.0 	2
695.0	642.0 	1
4805.0	805.0 	1
3472.0	3307.0 	2
3618.0	4949.0 	2
2739.0	3305.0 	2
109.0	1001.0 	1
4812.0	3461.0 	2
3224.0	1412.0 	1
672.0	4023.0 	2
848.0	566.0 	1
2090.0	3973.0 	2
1604.0	3687.0 	2
962.0	1649.0 	1
2313.0	1928.0 	1
2825.0	1679.0 	1
4838.0	1233.0 	1
2904.0	2807.0 	2
2851.0	1340.0 	1
1843.0	586.0 	1
1490.0	2123.0 	1
4408.0	4500.0 	2
2986.0	903.0 	1
4624.0	315.0 	1
4362.0	4440.0 	2
4744.0	3986.0 	2
4686.0	2965.0 	2
831.0	2353.0 	2
472.0	3237.0 	2
2888.0	2540.0 	2
4405.0	206.0 	1
3824.0	545.0 	1
1324.0	2819.0 	2
1380.0	4924.0 	2
1339.0	3061.0 	2
317.0	529.0 	1
1662.0	4169.0 	2
1197.0	2530.0 	2
2604.0	2916.0 	2
1916.0	2066.0 	1
455.0	2601.0 	2
742.0	3587.0 	2
2308.0	1454.0 	1
4153.0	4866.0 	2
2988.0	812.0 	1
4858.0	3528.0 	2
2466.0	72.0 	1
904.0	1564.0 	1
83.0	3625.0 	2
4422.0	1260.0 	1
4100.0	1165.0 	1
4272.0	3202.0 	2
4205.0	2745.0 	2
2518.0	3499.0 	2
280.0	3683.0 	2
46.0	521.0 	1
3477.0	4065.0 	2
2090.0	1277.0 	1
1144.0	450.0 	1
3640.0	449.0 	1
3642.0	4216.0 	2
1745.0	4939.0 	2
976.0	4719.0 	2
4456.0	3425.0 	2
4928.0	3614.0 	2
739.0	3431.0 	2
2660.0	963.0 	1
3641.0	862.0 	1
4917.0	4899.0 	2
2533.0	1592.0 	1
4782.0	85.0 	1
3153.0	195.0 	1
4958.0	3191.0 	2
4811.0	3007.0 	2
3242.0	2436.0 	1
4542.0	1275.0 	1
4322.0	4459.0 	2
2469.0	4230.0 	2
646.0	718.0 	1
2843.0	1393.0 	1
146.0	3612.0 	2
4184.0	4001.0 	2
1844.0	3245.0 	2
4859.0	3028.0 	2
3376.0	4288.0 	2
2439.0	4596.0 	2
3145.0	4042.0 	2
4445.0	2848.0 	2
2797.0	1497.0 	1
4047.0	3362.0 	2
1647.0	2610.0 	2
2821.0	1685.0 	1
2193.0	1612.0 	1
3766.0	808.0 	1
3056.0	335.0 	1
117.0	4245.0 	2
1650.0	2766.0 	2
3950.0	2463.0 	1
2770.0	3472.0 	2
3456.0	1300.0 	1
4870.0	3235.0 	2
1726.0	3754.0 	2
3238.0	199.0 	1
2564.0	379.0 	1
3202.0	2088.0 	1
862.0	838.0 	1
3582.0	3970.0 	2
4042.0	2556.0 	1
2192.0	3727.0 	2
1187.0	1300.0 	1
4917.0	3601.0 	2
2283.0	1753.0 	1
2255.0	1231.0 	1
627.0	1976.0 	1
1249.0	3065.0 	2
4285.0	818.0 	1
227.0	3004.0 	2
213.0	743.0 	1
118.0	3130.0 	2
526.0	3406.0 	2
4830.0	361.0 	1
1934.0	3712.0 	2
1199.0	2398.0 	2
3078.0	3500.0 	2
4750.0	1704.0 	1
2736.0	3837.0 	2
2922.0	3287.0 	2
507.0	2574.0 	2
2611.0	2269.0 	1
1870.0	2497.0 	2
3150.0	4405.0 	2
170.0	3280.0 	2
4716.0	3727.0 	2
2102.0	4816.0 	2
4981.0	906.0 	1
2238.0	4893.0 	2
3994.0	4052.0 	2
1230.0	738.0 	1
801.0	1413.0 	1
4258.0	731.0 	1
4163.0	3007.0 	2
2207.0	4741.0 	2
4337.0	4706.0 	2
4495.0	1562.0 	1
3151.0	1530.0 	1
2964.0	3531.0 	2
3260.0	3353.0 	2
4979.0	3711.0 	2
3165.0	305.0 	1
1384.0	4506.0 	2
896.0	314.0 	1
331.0	3296.0 	2
222.0	3031.0 	2
3935.0	4631.0 	2
1070.0	3529.0 	2
584.0	2504.0 	2
743.0	752.0 	1
2807.0	3426.0 	2
130.0	1726.0 	1
688.0	4926.0 	2
2339.0	2653.0 	2
599.0	2776.0 	2
4022.0	1726.0 	1
3464.0	2706.0 	2
1301.0	1117.0 	1
1614.0	1374.0 	1
602.0	311.0 	1
16.0	3934.0 	2
2013.0	4495.0 	2
4014.0	2761.0 	2
3242.0	2790.0 	2
2736.0	1607.0 	1
682.0	2513.0 	2
1598.0	4837.0 	2
2723.0	230.0 	1
4190.0	1281.0 	1
969.0	2890.0 	2
90.0	1270.0 	1
1787.0	2335.0 	1
3407.0	2312.0 	1
2052.0	1323.0 	1
4615.0	1603.0 	1
3243.0	1543.0 	1
1187.0	654.0 	1
2769.0	1042.0 	1
3700.0	461.0 	1
1921.0	3208.0 	2
4736.0	4500.0 	2
2382.0	4941.0 	2
3065.0	816.0 	1
4209.0	1961.0 	1
742.0	4916.0 	2
1746.0	4678.0 	2
2922.0	2738.0 	2
2778.0	4843.0 	2
4610.0	482.0 	1
1764.0	4807.0 	2
1438.0	2463.0 	2
321.0	2491.0 	2
136.0	1936.0 	1
2049.0	3288.0 	2
4635.0	1684.0 	1
384.0	3046.0 	2
3553.0	2681.0 	2
2052.0	4768.0 	2
2977.0	3306.0 	2
3641.0	187.0 	1
1172.0	3553.0 	2
1371.0	1393.0 	1
2008.0	579.0 	1
3789.0	4308.0 	2
3849.0	61.0 	1
1898.0	7.0 	1
477.0	4534.0 	2
2747.0	3387.0 	2
188.0	78.0 	1
781.0	2497.0 	2
4587.0	399.0 	1
965.0	1502.0 	1
1809.0	3194.0 	2
363.0	2025.0 	1
2634.0	3770.0 	2
4871.0	4262.0 	2
2657.0	2313.0 	1
4824.0	1554.0 	1
3707.0	625.0 	1
2700.0	2513.0 	2
2276.0	1589.0 	1
4492.0	2542.0 	1
3338.0	602.0 	1
1056.0	3637.0 	2
1461.0	4901.0 	2
4044.0	3915.0 	2
528.0	2068.0 	1
2924.0	3521.0 	2
881.0	4119.0 	2
785.0	4774.0 	2
1365.0	1324.0 	1
1437.0	2567.0 	2
4799.0	3985.0 	2
1762.0	1755.0 	1
3713.0	1692.0 	1
2175.0	2410.0 	1
4826.0	4533.0 	2
2165.0	2620.0 	2
865.0	2147.0 	1
4376.0	3187.0 	2
1417.0	3190.0 	2
4315.0	3973.0 	2
1144.0	4888.0 	2
2853.0	1026.0 	1
1456.0	4798.0 	2
1767.0	2657.0 	2
1757.0	1804.0 	1
1699.0	3327.0 	2
3894.0	3082.0 	2
4045.0	2326.0 	1
1739.0	2447.0 	2
4680.0	4599.0 	2
4258.0	2619.0 	1
1907.0	4748.0 	2
3847.0	3375.0 	2
1015.0	1068.0 	1
141.0	635.0 	1
4228.0	265.0 	1
3446.0	3850.0 	2
2667.0	2834.0 	2
3768.0	1438.0 	1
3812.0	957.0 	1
614.0	2059.0 	1
4055.0	3864.0 	2
2743.0	1419.0 	1
730.0	3863.0 	2
4374.0	1546.0 	1
1442.0	1636.0 	1
1826.0	22.0 	1
4993.0	3527.0 	2
1755.0	4756.0 	2
2682.0	3786.0 	2
2956.0	4063.0 	2
4212.0	4648.0 	2
2970.0	4984.0 	2
477.0	2725.0 	2
1895.0	3405.0 	2
520.0	4383.0 	2
381.0	1454.0 	1
2651.0	1942.0 	1
676.0	2128.0 	1
2351.0	586.0 	1
1647.0	3668.0 	2
3491.0	289.0 	1
707.0	4078.0 	2
2138.0	4869.0 	2
4952.0	3205.0 	2
2332.0	4922.0 	2
4159.0	4650.0 	2
1408.0	1606.0 	1
3166.0	1797.0 	1
3690.0	2273.0 	1
1884.0	2333.0 	1
6.0	4523.0 	2
1835.0	3249.0 	2
4538.0	3780.0 	2
3214.0	3579.0 	2
4518.0	3313.0 	2
750.0	2722.0 	2
3764.0	4699.0 	2
1113.0	263.0 	1
4816.0	3151.0 	2
4947.0	3235.0 	2
359.0	4155.0 	2
3104.0	1740.0 	1
3889.0	4605.0 	2
3178.0	3902.0 	2
1286.0	4055.0 	2
3390.0	1582.0 	1
1311.0	403.0 	1
706.0	1056.0 	1
2769.0	1155.0 	1
3155.0	4019.0 	2
4707.0	3463.0 	2
72.0	2704.0 	2
2531.0	3022.0 	2
4057.0	4673.0 	2
2737.0	4694.0 	2
1158.0	3615.0 	2
1333.0	4275.0 	2
1031.0	3644.0 	2
2403.0	959.0 	1
2196.0	2050.0 	1
4217.0	4885.0 	2
3779.0	4108.0 	2
4558.0	2195.0 	1
2313.0	231.0 	1
2350.0	486.0 	1
1751.0	1046.0 	1
574.0	1894.0 	1
3756.0	327.0 	1
2510.0	480.0 	1
406.0	2562.0 	2
1757.0	279.0 	1
3913.0	3086.0 	2
3657.0	1946.0 	1
3713.0	2719.0 	2
4197.0	1143.0 	1
1942.0	3076.0 	2
3400.0	205.0 	1
4001.0	4686.0 	2
1026.0	3462.0 	2
4174.0	198.0 	1
1721.0	2057.0 	1
1067.0	4769.0 	2
2209.0	1779.0 	1
44.0	3616.0 	2
1694.0	3853.0 	2
3677.0	3511.0 	2
2587.0	4501.0 	2
1835.0	13.0 	1
408.0	580.0 	1
1136.0	1364.0 	1
4402.0	2853.0 	2
1904.0	1159.0 	1
3113.0	1811.0 	1
944.0	587.0 	1
4802.0	2613.0 	1
3975.0	1744.0 	1
699.0	1817.0 	1
2080.0	3214.0 	2
3358.0	1248.0 	1
3763.0	2504.0 	1
395.0	190.0 	1
4045.0	1256.0 	1
509.0	3417.0 	2
2414.0	3582.0 	2
1388.0	1077.0 	1
4537.0	1068.0 	1
1455.0	3098.0 	2
4728.0	522.0 	1
1942.0	3324.0 	2
2186.0	1648.0 	1
4144.0	4169.0 	2
2999.0	813.0 	1
853.0	4761.0 	2
2762.0	1919.0 	1
4761.0	1223.0 	1
3908.0	1319.0 	1
4143.0	3453.0 	2
2527.0	3684.0 	2
1335.0	3039.0 	2
1545.0	4519.0 	2
2825.0	1273.0 	1
3574.0	2526.0 	1
777.0	3522.0 	2
3884.0	1235.0 	1
3216.0	4412.0 	2
1239.0	3690.0 	2
3674.0	4506.0 	2
1223.0	4643.0 	2
410.0	129.0 	1
4620.0	1757.0 	1
2510.0	613.0 	1
1405.0	259.0 	1
3881.0	3475.0 	2
3766.0	703.0 	1
3370.0	4599.0 	2
3892.0	4839.0 	2
2493.0	992.0 	1
1903.0	3003.0 	2
2676.0	2827.0 	2
4638.0	2001.0 	1
2713.0	505.0 	1
1296.0	2013.0 	1
553.0	2680.0 	2
2046.0	3480.0 	2
997.0	4234.0 	2
883.0	3253.0 	2
1143.0	3454.0 	2
3292.0	3447.0 	2
420.0	2785.0 	2
3.0	3450.0 	2
3096.0	4937.0 	2
3510.0	2467.0 	1
2834.0	693.0 	1
4555.0	3152.0 	2
4636.0	3720.0 	2
3431.0	3583.0 	2
2429.0	480.0 	1
2083.0	335.0 	1
1433.0	660.0 	1
2752.0	2105.0 	1
3280.0	205.0 	1
2993.0	153.0 	1
613.0	1070.0 	1
3859.0	4494.0 	2
3109.0	872.0 	1
4768.0	2122.0 	1
2995.0	2919.0 	2
806.0	2909.0 	2
2894.0	2129.0 	1
2546.0	2355.0 	1
1424.0	1222.0 	1
1789.0	1503.0 	1
2418.0	1759.0 	1
4033.0	1624.0 	1
4854.0	1325.0 	1
441.0	2919.0 	2
2133.0	446.0 	1
2194.0	2609.0 	2
4618.0	3837.0 	2
3344.0	3505.0 	2
4355.0	4880.0 	2
144.0	3759.0 	2
1328.0	3208.0 	2
388.0	619.0 	1
4566.0	1847.0 	1
4498.0	2746.0 	2
650.0	1635.0 	1
3729.0	114.0 	1
2442.0	3094.0 	2
3568.0	3029.0 	2
3450.0	4959.0 	2
1093.0	2407.0 	2
3638.0	3738.0 	2
1619.0	730.0 	1
4288.0	4542.0 	2
129.0	1390.0 	1
2361.0	1047.0 	1
3694.0	3.0 	1
683.0	866.0 	1
3157.0	2595.0 	2
138.0	4272.0 	2
547.0	3846.0 	2
485.0	2064.0 	1
243.0	255.0 	1
1025.0	4476.0 	2
3134.0	1735.0 	1
2930.0	606.0 	1
2232.0	519.0 	1
903.0	3099.0 	2
1061.0	1813.0 	1
495.0	1899.0 	1
2003.0	944.0 	1
3285.0	3018.0 	2
1126.0	2583.0 	2
1117.0	768.0 	1
3870.0	4493.0 	2
3384.0	635.0 	1
374.0	2372.0 	2
2309.0	894.0 	1
4765.0	4468.0 	2
1839.0	3047.0 	2
3519.0	1387.0 	1
1217.0	1632.0 	1
282.0	2981.0 	2
4317.0	3870.0 	2
335.0	4118.0 	2
3472.0	3069.0 	2
2999.0	4752.0 	2
3722.0	4322.0 	2
4281.0	4178.0 	2
2720.0	622.0 	1
2688.0	361.0 	1
215.0	632.0 	1
2420.0	1655.0 	1
3648.0	2429.0 	1
3883.0	4889.0 	2
76.0	4273.0 	2
4933.0	3577.0 	2
4666.0	4419.0 	2
2701.0	1237.0 	1
878.0	4392.0 	2
711.0	4100.0 	2
715.0	4454.0 	2
4312.0	3366.0 	2
49.0	1165.0 	1
1876.0	721.0 	1
337.0	1881.0 	1
2641.0	1179.0 	1
221.0	832.0 	1
3053.0	1845.0 	1
4980.0	4713.0 	2
2213.0	2341.0 	1
2198.0	3344.0 	2
2366.0	4985.0 	2
4668.0	1149.0 	1
4395.0	2007.0 	1
4927.0	1715.0 	1
4629.0	299.0 	1
775.0	4232.0 	2
1502.0	1258.0 	1
2977.0	4986.0 	2
4378.0	493.0 	1
4541.0	4731.0 	2
134.0	781.0 	1
3824.0	3273.0 	2
2251.0	4325.0 	2
2948.0	3398.0 	2
4933.0	2794.0 	2
45.0	2026.0 	1
3259.0	1220.0 	1
4787.0	1606.0 	1
1898.0	3457.0 	2
3347.0	3371.0 	2
320.0	3715.0 	2
4155.0	3336.0 	2
1158.0	3067.0 	2
536.0	3161.0 	2
1136.0	2342.0 	2
437.0	2483.0 	2
4564.0	1041.0 	1
2541.0	3251.0 	2
1004.0	961.0 	1
3551.0	1697.0 	1
4811.0	1176.0 	1
3010.0	792.0 	1
3187.0	1682.0 	1
582.0	4346.0 	2
1152.0	3179.0 	2
1085.0	139.0 	1
1487.0	934.0 	1
4733.0	3720.0 	2
601.0	1448.0 	1
2447.0	1354.0 	1
2529.0	1268.0 	1
1147.0	1008.0 	1
3690.0	2821.0 	2
3472.0	430.0 	1
3972.0	362.0 	1
1342.0	691.0 	1
1357.0	4379.0 	2
4165.0	1485.0 	1
1184.0	1709.0 	1
4787.0	955.0 	1
2436.0	3587.0 	2
3837.0	3229.0 	2
1254.0	4824.0 	2
3741.0	2279.0 	1
4996.0	4988.0 	2
3864.0	2946.0 	2
4240.0	2086.0 	1
4697.0	1110.0 	1
2999.0	3607.0 	2
4462.0	4540.0 	2
477.0	520.0 	1
169.0	437.0 	1
2550.0	384.0 	1
998.0	2992.0 	2
1321.0	1981.0 	1
4723.0	1975.0 	1
2652.0	4029.0 	2
3345.0	3007.0 	2
2725.0	1334.0 	1
515.0	3407.0 	2
4736.0	4271.0 	2
3752.0	4591.0 	2
4731.0	2955.0 	2
126.0	3356.0 	2
199.0	4674.0 	2
3165.0	1479.0 	1
2321.0	4944.0 	2
3679.0	917.0 	1
1624.0	2635.0 	2
2760.0	4291.0 	2
2416.0	2365.0 	1
1614.0	3584.0 	2
3728.0	4082.0 	2
403.0	828.0 	1
115.0	4306.0 	2
4319.0	3227.0 	2
4248.0	199.0 	1
108.0	2173.0 	1
4674.0	2403.0 	1
3731.0	1534.0 	1
157.0	443.0 	1
3650.0	717.0 	1
1227.0	4828.0 	2
3416.0	1385.0 	1
390.0	1496.0 	1
4159.0	121.0 	1
1957.0	4273.0 	2
206.0	224.0 	1
3880.0	2154.0 	1
34.0	3876.0 	2
4408.0	2833.0 	2
4355.0	1203.0 	1
2260.0	236.0 	1
2201.0	2685.0 	2
1976.0	3385.0 	2
1174.0	4325.0 	2
4617.0	1592.0 	1
4902.0	2266.0 	1
4778.0	1237.0 	1
4698.0	1936.0 	1
461.0	795.0 	1
1591.0	4185.0 	2
4553.0	4840.0 	2
284.0	2320.0 	2
2332.0	3193.0 	2
2392.0	2809.0 	2
148.0	2438.0 	2
4185.0	589.0 	1
4325.0	2638.0 	1
2614.0	4537.0 	2
3499.0	2038.0 	1
5.0	3834.0 	2
3782.0	2079.0 	1
4514.0	2550.0 	1
1515.0	1251.0 	1
168.0	229.0 	1
2663.0	3886.0 	2
3249.0	994.0 	1
3116.0	2602.0 	2
1859.0	3414.0 	2
4912.0	3995.0 	2
1330.0	1663.0 	1
3814.0	3265.0 	2
3218.0	2517.0 	1
2494.0	1908.0 	1
407.0	4713.0 	2
224.0	1634.0 	1
4677.0	2627.0 	1
1853.0	3274.0 	2
3734.0	935.0 	1
1292.0	2802.0 	2
2019.0	661.0 	1
4573.0	3129.0 	2
97.0	1939.0 	1
2438.0	4302.0 	2
2747.0	4282.0 	2
2894.0	3931.0 	2
4443.0	1812.0 	1
822.0	2729.0 	2
2439.0	2182.0 	1
387.0	760.0 	1
1779.0	1918.0 	1
1561.0	3955.0 	2
3399.0	4562.0 	2
1418.0	3056.0 	2
3054.0	3002.0 	2
3425.0	3900.0 	2
2834.0	183.0 	1
3059.0	3919.0 	2
2263.0	704.0 	1
1503.0	3474.0 	2
3700.0	2455.0 	1
3344.0	1981.0 	1
432.0	3531.0 	2
4327.0	1650.0 	1
604.0	1941.0 	1
1484.0	1651.0 	1
1316.0	3411.0 	2
4962.0	832.0 	1
759.0	3518.0 	2
2743.0	897.0 	1
3850.0	992.0 	1
1391.0	4098.0 	2
4789.0	1836.0 	1
4475.0	4633.0 	2
2239.0	3260.0 	2
2357.0	4195.0 	2
1864.0	2082.0 	1
2386.0	143.0 	1
4755.0	3181.0 	2
351.0	837.0 	1
1067.0	4942.0 	2
4917.0	4460.0 	2
2010.0	414.0 	1
3150.0	1415.0 	1
2943.0	4555.0 	2
1022.0	2292.0 	1
4927.0	220.0 	1
2728.0	4403.0 	2
382.0	342.0 	1
684.0	3732.0 	2
1584.0	2221.0 	1
1355.0	613.0 	1
2548.0	2613.0 	2
1072.0	4954.0 	2
4571.0	2816.0 	2
691.0	1838.0 	1
1866.0	866.0 	1
1489.0	4492.0 	2
1764.0	3243.0 	2
3746.0	3022.0 	2
674.0	2074.0 	1
4157.0	1478.0 	1
4221.0	2932.0 	2
697.0	847.0 	1
1231.0	2839.0 	2
4484.0	4552.0 	2
740.0	4283.0 	2
610.0	175.0 	1
3168.0	178.0 	1
804.0	3155.0 	2
4110.0	927.0 	1
2454.0	3686.0 	2
786.0	4663.0 	2
4187.0	592.0 	1
4973.0	2163.0 	1
2998.0	4491.0 	2
2090.0	4088.0 	2
3382.0	2633.0 	2
520.0	1902.0 	1
3676.0	862.0 	1
2377.0	1921.0 	1
3021.0	3498.0 	2
3127.0	1445.0 	1
879.0	1003.0 	1
889.0	1912.0 	1
2718.0	1973.0 	1
3675.0	1146.0 	1
4042.0	1164.0 	1
3748.0	4997.0 	2
3014.0	3999.0 	2
2677.0	714.0 	1
4163.0	3466.0 	2
2995.0	4761.0 	2
4617.0	4534.0 	2
3932.0	4108.0 	2
2288.0	1574.0 	1
935.0	3171.0 	2
3.0	3752.0 	2
1338.0	4598.0 	2
3973.0	289.0 	1
53.0	4559.0 	2
313.0	158.0 	1
243.0	3641.0 	2
2687.0	609.0 	1
3953.0	4461.0 	2
2175.0	3389.0 	2
474.0	4918.0 	2
3692.0	927.0 	1
468.0	3774.0 	2
3575.0	4246.0 	2
2016.0	1654.0 	1
101.0	1517.0 	1
4525.0	107.0 	1
2985.0	417.0 	1
2943.0	4523.0 	2
4228.0	897.0 	1
1703.0	1751.0 	1
3439.0	3845.0 	2
4462.0	3555.0 	2
1056.0	3056.0 	2
1880.0	1644.0 	1
3203.0	1884.0 	1
4498.0	2339.0 	1
4030.0	2466.0 	1
759.0	553.0 	1
1755.0	3760.0 	2
1533.0	3290.0 	2
827.0	2019.0 	1
1795.0	2192.0 	1
656.0	3672.0 	2
4892.0	481.0 	1
2681.0	1555.0 	1
3971.0	1918.0 	1
3752.0	4574.0 	2
1631.0	617.0 	1
3219.0	4701.0 	2
4475.0	3190.0 	2
2194.0	1050.0 	1
3904.0	3870.0 	2
1412.0	2785.0 	2
2045.0	320.0 	1
4745.0	1443.0 	1
280.0	2490.0 	2
2521.0	4117.0 	2
1075.0	2866.0 	2
3830.0	3473.0 	2
2442.0	3434.0 	2
4526.0	4055.0 	2
4572.0	3814.0 	2
3543.0	4616.0 	2
4073.0	3385.0 	2
4324.0	2844.0 	2
2549.0	4205.0 	2
3377.0	4701.0 	2
922.0	1734.0 	1
1439.0	2275.0 	1
4663.0	3933.0 	2
2970.0	2777.0 	2
2285.0	4531.0 	2
172.0	1272.0 	1
2235.0	2528.0 	2
959.0	2541.0 	2
306.0	2461.0 	2
2489.0	169.0 	1
184.0	3748.0 	2
3166.0	2850.0 	2
3229.0	2161.0 	1
949.0	988.0 	1
3746.0	2547.0 	1
4634.0	1407.0 	1
2206.0	4467.0 	2
928.0	1877.0 	1
552.0	3237.0 	2
2428.0	2743.0 	2
2100.0	257.0 	1
675.0	4010.0 	2
4842.0	4044.0 	2
2752.0	1949.0 	1
4195.0	2523.0 	1
1129.0	286.0 	1
4736.0	2934.0 	2
2062.0	3101.0 	2
743.0	3808.0 	2
4249.0	4127.0 	2
1295.0	4841.0 	2
505.0	1337.0 	1
1677.0	3515.0 	2
2938.0	4970.0 	2
4832.0	4828.0 	2
2339.0	4483.0 	2
3603.0	4655.0 	2
2346.0	3412.0 	2
4269.0	949.0 	1
3995.0	1303.0 	1
2922.0	3016.0 	2
2861.0	3801.0 	2
2662.0	4303.0 	2
2394.0	1597.0 	1
2340.0	2206.0 	1
2845.0	1984.0 	1
2642.0	988.0 	1
3830.0	1687.0 	1
2608.0	158.0 	1
192.0	4961.0 	2
4501.0	2429.0 	1
159.0	1289.0 	1
1202.0	179.0 	1
4325.0	4291.0 	2
56.0	3695.0 	2
2606.0	2442.0 	1
1252.0	905.0 	1
3886.0	2393.0 	1
1520.0	4699.0 	2
2614.0	4387.0 	2
3297.0	1524.0 	1
4041.0	419.0 	1
835.0	807.0 	1
2487.0	1159.0 	1
1198.0	1933.0 	1
4330.0	1953.0 	1
4321.0	4557.0 	2
3652.0	2835.0 	2
2256.0	378.0 	1
3917.0	4600.0 	2
4301.0	1136.0 	1
4656.0	4546.0 	2
2629.0	2638.0 	2
4415.0	1236.0 	1
2566.0	723.0 	1
4177.0	795.0 	1
145.0	1475.0 	1
401.0	4312.0 	2
3239.0	3132.0 	2
4938.0	2338.0 	1
600.0	488.0 	1
4044.0	248.0 	1
956.0	1242.0 	1
3931.0	3129.0 	2
3354.0	3216.0 	2
527.0	1700.0 	1
1558.0	3941.0 	2
2510.0	59.0 	1
65.0	4356.0 	2
1376.0	4996.0 	2
3603.0	1040.0 	1
207.0	2290.0 	2
1167.0	444.0 	1
1303.0	2247.0 	1
4646.0	4974.0 	2
2319.0	4320.0 	2
3159.0	4973.0 	2
3508.0	3041.0 	2
1471.0	2390.0 	2
3643.0	1980.0 	1
2361.0	4293.0 	2
2120.0	1050.0 	1
717.0	4809.0 	2
3581.0	799.0 	1
2231.0	3301.0 	2
804.0	2681.0 	2
2997.0	286.0 	1
3729.0	432.0 	1
3532.0	617.0 	1
2388.0	2489.0 	2
57.0	684.0 	1
2878.0	328.0 	1
391.0	577.0 	1
2423.0	393.0 	1
3801.0	3761.0 	2
3977.0	4378.0 	2
243.0	383.0 	1
3391.0	4844.0 	2
1005.0	1129.0 	1
1260.0	4221.0 	2
2302.0	2935.0 	2
1271.0	1065.0 	1
3217.0	4615.0 	2
4094.0	4146.0 	2
3916.0	4248.0 	2
1351.0	121.0 	1
3309.0	4982.0 	2
4718.0	193.0 	1
4806.0	2533.0 	1
2718.0	3191.0 	2
683.0	3192.0 	2
2289.0	4680.0 	2
3580.0	3140.0 	2
4880.0	317.0 	1
3570.0	3446.0 	2
469.0	2580.0 	2
417.0	2512.0 	2
138.0	1477.0 	1
1044.0	2007.0 	1
2742.0	2826.0 	2
2722.0	2500.0 	2
1503.0	4467.0 	2
4481.0	2711.0 	2
2946.0	1821.0 	1
3715.0	1461.0 	1
1657.0	1554.0 	1
2243.0	1655.0 	1
942.0	3690.0 	2
3107.0	2398.0 	1
3929.0	3830.0 	2
670.0	1669.0 	1
389.0	3462.0 	2
433.0	3125.0 	2
2400.0	3140.0 	2
4752.0	4393.0 	2
2626.0	4593.0 	2
1468.0	4759.0 	2
2985.0	2050.0 	1
3699.0	3766.0 	2
4687.0	436.0 	1
431.0	1173.0 	1
3264.0	2627.0 	2
4691.0	3168.0 	2
2873.0	573.0 	1
964.0	4757.0 	2
4901.0	3209.0 	2
252.0	249.0 	1
2109.0	1430.0 	1
1390.0	4305.0 	2
1983.0	2660.0 	2
456.0	3142.0 	2
282.0	990.0 	1
1787.0	1442.0 	1
571.0	223.0 	1
1098.0	520.0 	1
443.0	111.0 	1
3866.0	2871.0 	2
4387.0	487.0 	1
1974.0	3363.0 	2
1788.0	794.0 	1
2908.0	4520.0 	2
1750.0	4219.0 	2
3484.0	2230.0 	1
3055.0	4594.0 	2
775.0	4105.0 	2
3252.0	4668.0 	2
2036.0	3226.0 	2
3689.0	704.0 	1
710.0	1100.0 	1
852.0	1942.0 	1
498.0	455.0 	1
1061.0	2676.0 	2
4626.0	2649.0 	1
3361.0	2675.0 	2
3715.0	3602.0 	2
2125.0	1704.0 	1
3831.0	3043.0 	2
757.0	1898.0 	1
312.0	865.0 	1
1323.0	815.0 	1
3963.0	3707.0 	2
4486.0	1115.0 	1
1599.0	427.0 	1
2209.0	1632.0 	1
816.0	966.0 	1
3218.0	2963.0 	2
3134.0	3164.0 	2
2861.0	4615.0 	2
3878.0	3295.0 	2
3187.0	322.0 	1
3067.0	3557.0 	2
3050.0	2346.0 	1
3931.0	3117.0 	2
1960.0	193.0 	1
212.0	859.0 	1
1283.0	3513.0 	2
1459.0	3802.0 	2
1281.0	1597.0 	1
1949.0	3633.0 	2
4081.0	878.0 	1
1574.0	3100.0 	2
3151.0	1177.0 	1
2506.0	130.0 	1
3235.0	61.0 	1
3597.0	3828.0 	2
1449.0	864.0 	1
4251.0	3185.0 	2
2256.0	3746.0 	2
1883.0	4392.0 	2
4220.0	3355.0 	2
978.0	3524.0 	2
3163.0	4972.0 	2
2607.0	1848.0 	1
4563.0	1136.0 	1
173.0	2796.0 	2
4023.0	963.0 	1
4268.0	2919.0 	2
3024.0	1384.0 	1
885.0	4591.0 	2
3717.0	2808.0 	2
1827.0	649.0 	1
2845.0	4998.0 	2
843.0	1701.0 	1
102.0	2921.0 	2
2007.0	2370.0 	1
4250.0	3409.0 	2
4768.0	1693.0 	1
2601.0	3722.0 	2
3138.0	4219.0 	2
3873.0	3600.0 	2
2343.0	2345.0 	1
1918.0	1888.0 	1
2928.0	3258.0 	2
1391.0	2178.0 	1
3248.0	3247.0 	2
3057.0	2979.0 	2
1733.0	1755.0 	1
942.0	3049.0 	2
2658.0	3241.0 	2
3725.0	3712.0 	2
3596.0	3617.0 	2
3021.0	3595.0 	2
2843.0	1797.0 	1
3146.0	3629.0 	2
2344.0	336.0 	1
1745.0	641.0 	1
4675.0	319.0 	1
496.0	337.0 	1
3306.0	4956.0 	2
2444.0	1770.0 	1
4190.0	435.0 	1
4211.0	3257.0 	2
1504.0	2044.0 	1
2543.0	31.0 	1
2670.0	3648.0 	2
172.0	1094.0 	1
1537.0	2980.0 	2
3580.0	902.0 	1
1838.0	1838.0 	1
366.0	2268.0 	2
3304.0	3355.0 	2
4332.0	2915.0 	2
4283.0	3655.0 	2
3311.0	4615.0 	2
2786.0	1740.0 	1
410.0	856.0 	1
2127.0	11.0 	1
3793.0	2517.0 	1
743.0	623.0 	1
2162.0	136.0 	1
1871.0	3932.0 	2
3085.0	2761.0 	2
3164.0	1869.0 	1
4527.0	979.0 	1
4080.0	3085.0 	2
475.0	3540.0 	2
4906.0	2744.0 	2
534.0	1790.0 	1
595.0	1745.0 	1
3639.0	803.0 	1
2984.0	1528.0 	1
1996.0	1047.0 	1
1472.0	899.0 	1
2741.0	145.0 	1
2610.0	2546.0 	2
738.0	3735.0 	2
1798.0	665.0 	1
414.0	4203.0 	2
4745.0	1040.0 	1
4088.0	1988.0 	1
3618.0	1606.0 	1
1196.0	3315.0 	2
2330.0	2154.0 	1
2338.0	4998.0 	2
4105.0	4933.0 	2
823.0	2064.0 	1
311.0	2246.0 	2
4404.0	903.0 	1
3265.0	3449.0 	2
1179.0	2903.0 	2
2731.0	4361.0 	2
2714.0	3931.0 	2
3456.0	4373.0 	2
4741.0	197.0 	1
1176.0	3852.0 	2
3105.0	303.0 	1
3098.0	1434.0 	1
4553.0	1224.0 	1
4326.0	572.0 	1
2173.0	4846.0 	2
4724.0	3670.0 	2
1817.0	1121.0 	1
4316.0	296.0 	1
984.0	1359.0 	1
4117.0	560.0 	1
4317.0	1902.0 	1
353.0	3191.0 	2
4270.0	4143.0 	2
1927.0	2944.0 	2
2698.0	456.0 	1
3037.0	397.0 	1
2076.0	4408.0 	2
1052.0	3667.0 	2
4155.0	4395.0 	2
1387.0	4923.0 	2
4571.0	1330.0 	1
1469.0	3543.0 	2
2062.0	3385.0 	2
4055.0	4606.0 	2
19.0	2057.0 	1
1162.0	4362.0 	2
3719.0	3077.0 	2
2205.0	2015.0 	1
3058.0	3750.0 	2
4496.0	1929.0 	1
2896.0	3799.0 	2
3016.0	1372.0 	1
725.0	3823.0 	2
1492.0	2200.0 	1
788.0	1525.0 	1
4148.0	596.0 	1
4218.0	2995.0 	2
1890.0	1971.0 	1
4552.0	4432.0 	2
1990.0	4026.0 	2
929.0	909.0 	1
1600.0	306.0 	1
1128.0	3496.0 	2
4478.0	4365.0 	2
3911.0	4749.0 	2
3006.0	277.0 	1
3867.0	4660.0 	2
673.0	1696.0 	1
1134.0	2443.0 	2
674.0	2404.0 	2
3100.0	1827.0 	1
1203.0	161.0 	1
2714.0	4311.0 	2
1440.0	3290.0 	2
2648.0	4581.0 	2
3148.0	4411.0 	2
4036.0	4385.0 	2
1376.0	3537.0 	2
557.0	2886.0 	2
3480.0	3206.0 	2
176.0	3200.0 	2
3336.0	4960.0 	2
2210.0	2779.0 	2
4509.0	2977.0 	2
1328.0	1284.0 	1
1998.0	3066.0 	2
1121.0	1927.0 	1
1018.0	5.0 	1
3227.0	3983.0 	2
174.0	812.0 	1
1367.0	413.0 	1
1412.0	924.0 	1
4212.0	3527.0 	2
3479.0	1677.0 	1
2503.0	4168.0 	2
4107.0	4827.0 	2
2546.0	2591.0 	2
49.0	2505.0 	2
4413.0	278.0 	1
1373.0	2415.0 	2
3450.0	1378.0 	1
3354.0	4428.0 	2
731.0	947.0 	1
255.0	2061.0 	1
1323.0	2624.0 	2
2955.0	173.0 	1
1104.0	3055.0 	2
1413.0	3169.0 	2
170.0	2306.0 	2
4587.0	4936.0 	2
2062.0	3912.0 	2
986.0	98.0 	1
4581.0	3276.0 	2
3047.0	3958.0 	2
371.0	1994.0 	1
3366.0	1591.0 	1
2140.0	1640.0 	1
1243.0	4575.0 	2
1334.0	3886.0 	2
2122.0	4346.0 	2
1535.0	2390.0 	2
460.0	4309.0 	2
4831.0	261.0 	1
2998.0	2512.0 	2
4202.0	1819.0 	1
1249.0	3492.0 	2
502.0	3468.0 	2
2492.0	3815.0 	2
3367.0	134.0 	1
1546.0	2569.0 	2
346.0	1603.0 	1
3482.0	3143.0 	2
2630.0	2026.0 	1
1527.0	2369.0 	2
4387.0	1875.0 	1
3296.0	3569.0 	2
1221.0	2668.0 	2
4337.0	26.0 	1
4278.0	86.0 	1
1473.0	2594.0 	2
4339.0	4026.0 	2
563.0	4878.0 	2
4428.0	928.0 	1
718.0	4819.0 	2
2353.0	1567.0 	1
721.0	3082.0 	2
3089.0	3287.0 	2
1800.0	2627.0 	2
667.0	1150.0 	1
946.0	2814.0 	2
4309.0	3520.0 	2
3112.0	3419.0 	2
6.0	4825.0 	2
4592.0	2750.0 	2
3890.0	3393.0 	2
5.0	4104.0 	2
541.0	2876.0 	2
1937.0	1022.0 	1
1829.0	4017.0 	2
4704.0	2516.0 	1
2400.0	4038.0 	2
1465.0	2925.0 	2
3431.0	1092.0 	1
4689.0	2088.0 	1
1628.0	204.0 	1
3158.0	4938.0 	2
4491.0	4209.0 	2
4421.0	1292.0 	1
2694.0	4692.0 	2
2499.0	1821.0 	1
3855.0	2892.0 	2
1516.0	1590.0 	1
1038.0	1023.0 	1
1564.0	4378.0 	2
56.0	2885.0 	2
244.0	4412.0 	2
1965.0	335.0 	1
431.0	3620.0 	2
4247.0	4862.0 	2
2157.0	1713.0 	1
1338.0	1611.0 	1
4070.0	4940.0 	2
4229.0	675.0 	1
4098.0	3774.0 	2
3513.0	3097.0 	2
2746.0	2196.0 	1
1839.0	1942.0 	1
4475.0	2257.0 	1
2069.0	3679.0 	2
1059.0	1588.0 	1
3346.0	4842.0 	2
2823.0	2533.0 	2
1089.0	2299.0 	1
2077.0	638.0 	1
4737.0	1648.0 	1
2412.0	3091.0 	2
230.0	2165.0 	1
657.0	558.0 	1
4470.0	2010.0 	1
4681.0	1245.0 	1
3303.0	2597.0 	2
3888.0	439.0 	1
376.0	3415.0 	2
249.0	3453.0 	2
2616.0	3587.0 	2
3077.0	4948.0 	2
4773.0	4887.0 	2
3294.0	2262.0 	1
4940.0	3382.0 	2
2451.0	3002.0 	2
3866.0	288.0 	1
1571.0	1230.0 	1
534.0	4468.0 	2
821.0	1824.0 	1
4643.0	4210.0 	2
3513.0	3197.0 	2
1717.0	1098.0 	1
3382.0	1029.0 	1
1943.0	2428.0 	2
1574.0	103.0 	1
1045.0	4828.0 	2
1772.0	2196.0 	1
4220.0	2061.0 	1
12.0	2205.0 	2
1743.0	3612.0 	2
1163.0	1253.0 	1
4422.0	2008.0 	1
3651.0	867.0 	1
813.0	2809.0 	2
4634.0	4223.0 	2
2687.0	1451.0 	1
671.0	4464.0 	2
4673.0	3154.0 	2
2685.0	1788.0 	1
1027.0	4353.0 	2
30.0	2243.0 	2
3462.0	681.0 	1
3874.0	1368.0 	1
2751.0	1635.0 	1
4246.0	4741.0 	2
1443.0	1634.0 	1
2211.0	322.0 	1
3409.0	900.0 	1
715.0	2720.0 	2
2103.0	1649.0 	1
4177.0	2816.0 	2
4199.0	4867.0 	2
3537.0	1091.0 	1
1000.0	3608.0 	2
29.0	211.0 	1
2944.0	2256.0 	1
852.0	799.0 	1
2836.0	3997.0 	2
3530.0	711.0 	1
837.0	2620.0 	2
2662.0	4952.0 	2
431.0	1947.0 	1
1212.0	1346.0 	1
4802.0	1406.0 	1
1245.0	2649.0 	2
1620.0	2186.0 	1
287.0	797.0 	1
4178.0	3533.0 	2
4170.0	636.0 	1
2125.0	3315.0 	2
898.0	4501.0 	2
2302.0	598.0 	1
990.0	1142.0 	1
1978.0	1641.0 	1
2250.0	3628.0 	2
500.0	3132.0 	2
269.0	478.0 	1
1360.0	3554.0 	2
3242.0	3006.0 	2
1448.0	2624.0 	2
352.0	1658.0 	1
723.0	164.0 	1
2964.0	650.0 	1
1882.0	3941.0 	2
637.0	3210.0 	2
1297.0	4948.0 	2
125.0	1771.0 	1
4925.0	2371.0 	1
469.0	3028.0 	2
4002.0	1910.0 	1
3809.0	555.0 	1
3543.0	3053.0 	2
4155.0	349.0 	1
853.0	1757.0 	1
1406.0	3397.0 	2
3775.0	4357.0 	2
1073.0	1816.0 	1
2292.0	2704.0 	2
33.0	1774.0 	1
175.0	2984.0 	2
2842.0	1681.0 	1
3832.0	3799.0 	2
1106.0	4858.0 	2
60.0	1168.0 	1
62.0	3823.0 	2
4980.0	1086.0 	1
1165.0	3642.0 	2
4056.0	877.0 	1
3917.0	1992.0 	1
4362.0	218.0 	1
2168.0	930.0 	1
3983.0	3030.0 	2
4565.0	1406.0 	1
3930.0	1321.0 	1
3762.0	4361.0 	2
2790.0	4367.0 	2
4503.0	3300.0 	2
988.0	711.0 	1
1063.0	1028.0 	1
133.0	1415.0 	1
3728.0	1056.0 	1
1850.0	1719.0 	1
4912.0	3084.0 	2
1877.0	540.0 	1
4544.0	4232.0 	2
3752.0	3051.0 	2
1797.0	3761.0 	2
2067.0	2551.0 	2
975.0	2679.0 	2
762.0	3210.0 	2
31.0	4633.0 	2
4791.0	3435.0 	2
2970.0	4621.0 	2
4511.0	2682.0 	2
523.0	1966.0 	1
4667.0	2857.0 	2
2399.0	4110.0 	2
2990.0	3180.0 	2
4151.0	1172.0 	1
32.0	4949.0 	2
944.0	32.0 	1
3858.0	3120.0 	2
3855.0	4028.0 	2
1951.0	2847.0 	2
3180.0	4583.0 	2
2301.0	4916.0 	2
189.0	830.0 	1
2488.0	2020.0 	1
3795.0	3891.0 	2
418.0	304.0 	1
2627.0	3189.0 	2
1505.0	3465.0 	2
4452.0	4752.0 	2
2242.0	2222.0 	1
4952.0	735.0 	1
4755.0	1284.0 	1
89.0	3926.0 	2
2736.0	2318.0 	1
489.0	3133.0 	2
4586.0	2108.0 	1
1169.0	2704.0 	2
598.0	3123.0 	2
3292.0	4412.0 	2
4897.0	630.0 	1
615.0	1472.0 	1
3636.0	3738.0 	2
441.0	4304.0 	2
1652.0	2906.0 	2
1751.0	255.0 	1
744.0	549.0 	1
1360.0	3742.0 	2
1981.0	1623.0 	1
4200.0	840.0 	1
4237.0	2791.0 	2
3356.0	3306.0 	2
4543.0	1639.0 	1
775.0	4587.0 	2
3449.0	1876.0 	1
4314.0	4019.0 	2
4213.0	3964.0 	2
870.0	2906.0 	2
28.0	4151.0 	2
286.0	2616.0 	2
4139.0	2397.0 	1
585.0	3537.0 	2
4889.0	3096.0 	2
3654.0	1209.0 	1
182.0	1136.0 	1
2294.0	2633.0 	2
266.0	1063.0 	1
2138.0	2586.0 	2
2398.0	2769.0 	2
3068.0	3127.0 	2
3688.0	3978.0 	2
4217.0	1693.0 	1
4839.0	3936.0 	2
4549.0	2573.0 	1
2432.0	4819.0 	2
1973.0	4711.0 	2
2605.0	603.0 	1
778.0	1006.0 	1
1188.0	4750.0 	2
262.0	4062.0 	2
2594.0	1567.0 	1
4434.0	2078.0 	1
4103.0	1261.0 	1
4762.0	4317.0 	2
2962.0	3500.0 	2
4601.0	4987.0 	2
4359.0	2007.0 	1
4603.0	3602.0 	2
1081.0	3513.0 	2
1923.0	846.0 	1
3857.0	2800.0 	2
240.0	44.0 	1
874.0	3294.0 	2
1685.0	513.0 	1
4602.0	2900.0 	2
987.0	4708.0 	2
4702.0	4633.0 	2
3692.0	26.0 	1
2907.0	1339.0 	1
1389.0	631.0 	1
1601.0	2258.0 	1
4799.0	1621.0 	1
2514.0	4820.0 	2
2879.0	4849.0 	2
751.0	2145.0 	1
2993.0	4590.0 	2
691.0	382.0 	1
283.0	2970.0 	2
3241.0	2155.0 	1
76.0	2436.0 	2
4091.0	3775.0 	2
1223.0	1506.0 	1
3677.0	3966.0 	2
2032.0	1775.0 	1
1925.0	3246.0 	2
3205.0	4700.0 	2
4492.0	3891.0 	2
2767.0	2354.0 	1
2828.0	1483.0 	1
4039.0	2393.0 	1
487.0	803.0 	1
47.0	850.0 	1
3752.0	4850.0 	2
2047.0	2794.0 	2
1036.0	235.0 	1
2969.0	384.0 	1
3416.0	4816.0 	2
2928.0	2034.0 	1
1379.0	467.0 	1
2404.0	3384.0 	2
1942.0	3385.0 	2
485.0	4175.0 	2
1008.0	4447.0 	2
3242.0	4142.0 	2
1004.0	923.0 	1
3276.0	1811.0 	1
3159.0	1988.0 	1
2514.0	624.0 	1
3269.0	4316.0 	2
2078.0	359.0 	1
4618.0	3615.0 	2
2411.0	833.0 	1
2276.0	666.0 	1
496.0	447.0 	1
4352.0	421.0 	1
31.0	356.0 	1
3282.0	2879.0 	2
5.0	3766.0 	2
880.0	3994.0 	2
4294.0	3004.0 	2
1881.0	2395.0 	1
4960.0	2394.0 	1
2954.0	1666.0 	1
3706.0	4209.0 	2
4277.0	3944.0 	2
4646.0	4890.0 	2
2255.0	2187.0 	1
2725.0	1073.0 	1
905.0	609.0 	1
867.0	3951.0 	2
4906.0	807.0 	1
2645.0	1750.0 	1
3121.0	3339.0 	2
4034.0	3991.0 	2
2126.0	1800.0 	1
1704.0	2595.0 	2
238.0	651.0 	1
1156.0	1899.0 	1
1709.0	425.0 	1
4301.0	3086.0 	2
3149.0	3960.0 	2
143.0	4968.0 	2
3194.0	3053.0 	2
1295.0	1999.0 	1
2884.0	2656.0 	2
3463.0	528.0 	1
1174.0	2782.0 	2
3140.0	1684.0 	1
4132.0	2966.0 	2
174.0	1940.0 	1
3012.0	2434.0 	1
3019.0	3229.0 	2
4515.0	4446.0 	2
997.0	3222.0 	2
358.0	675.0 	1
4099.0	998.0 	1
32.0	4504.0 	2
4464.0	82.0 	1
3647.0	3798.0 	2
3924.0	4908.0 	2
30.0	3761.0 	2
3539.0	4574.0 	2
2988.0	4621.0 	2
1141.0	1159.0 	1
2957.0	2666.0 	2
2784.0	1461.0 	1
3492.0	676.0 	1
4755.0	4968.0 	2
3768.0	2910.0 	2
3846.0	672.0 	1
4406.0	2100.0 	1
2627.0	1393.0 	1
4229.0	4397.0 	2
4495.0	2360.0 	1
1201.0	3981.0 	2
864.0	1154.0 	1
4246.0	4686.0 	2
737.0	4747.0 	2
2146.0	2184.0 	1
4576.0	1483.0 	1
119.0	1228.0 	1
2411.0	1314.0 	1
4295.0	3682.0 	2
3472.0	4230.0 	2
1978.0	3473.0 	2
785.0	3560.0 	2
4696.0	918.0 	1
770.0	4842.0 	2
1016.0	3946.0 	2
1323.0	2191.0 	1
4096.0	2480.0 	1
687.0	2670.0 	2
2602.0	2349.0 	1
2875.0	4054.0 	2
1759.0	41.0 	1
2245.0	4420.0 	2
2021.0	4586.0 	2
4516.0	3774.0 	2
392.0	991.0 	1
3077.0	3641.0 	2
3156.0	1586.0 	1
1713.0	3173.0 	2
3137.0	1212.0 	1
1877.0	1019.0 	1
1132.0	3378.0 	2
2319.0	3231.0 	2
1422.0	2555.0 	2
874.0	2973.0 	2
1326.0	1686.0 	1
4643.0	2511.0 	1
2086.0	3809.0 	2
1931.0	1014.0 	1
2327.0	2883.0 	2
1855.0	3334.0 	2
4491.0	1395.0 	1
4468.0	635.0 	1
1669.0	3585.0 	2
4055.0	280.0 	1
2135.0	389.0 	1
2848.0	1300.0 	1
4993.0	1633.0 	1
1570.0	2832.0 	2
1399.0	1133.0 	1
2794.0	2068.0 	1
194.0	3292.0 	2
996.0	1041.0 	1
4033.0	1223.0 	1
1165.0	3640.0 	2
345.0	4545.0 	2
593.0	3911.0 	2
1747.0	1701.0 	1
1989.0	1556.0 	1
1555.0	3569.0 	2
2956.0	4736.0 	2
233.0	1333.0 	1
4994.0	4881.0 	2
1729.0	1853.0 	1
2445.0	3028.0 	2
790.0	3367.0 	2
394.0	3981.0 	2
680.0	3922.0 	2
217.0	4201.0 	2
508.0	779.0 	1
1602.0	3393.0 	2
1899.0	4723.0 	2
1989.0	1849.0 	1
3833.0	110.0 	1
4028.0	4543.0 	2
1990.0	612.0 	1
413.0	4647.0 	2
4167.0	3799.0 	2
2542.0	3360.0 	2
3545.0	465.0 	1
1460.0	3930.0 	2
3959.0	4245.0 	2
145.0	3078.0 	2
2682.0	2348.0 	1
1243.0	2524.0 	2
2786.0	2680.0 	2
4398.0	3174.0 	2
2377.0	3290.0 	2
3551.0	216.0 	1
321.0	4915.0 	2
22.0	1164.0 	1
254.0	887.0 	1
1981.0	2721.0 	2
808.0	2785.0 	2
3527.0	3010.0 	2
4318.0	732.0 	1
3377.0	4116.0 	2
4770.0	3620.0 	2
1225.0	1400.0 	1
979.0	1731.0 	1
1447.0	3977.0 	2
4178.0	670.0 	1
2925.0	4321.0 	2
3740.0	167.0 	1
1803.0	2998.0 	2
3024.0	1920.0 	1
4167.0	1865.0 	1
4207.0	1994.0 	1
2268.0	2381.0 	1
4180.0	1828.0 	1
868.0	3451.0 	2
2014.0	1464.0 	1
2529.0	2305.0 	1
1208.0	1004.0 	1
4723.0	3317.0 	2
3350.0	3773.0 	2
1591.0	1555.0 	1
4290.0	4417.0 	2
3956.0	1639.0 	1
1134.0	3860.0 	2
661.0	4397.0 	2
80.0	1271.0 	1
3983.0	1893.0 	1
369.0	4477.0 	2
555.0	4578.0 	2
3243.0	1628.0 	1
1263.0	4466.0 	2
2623.0	4410.0 	2
2420.0	4066.0 	2
4631.0	4623.0 	2
133.0	2457.0 	2
463.0	3183.0 	2
3644.0	3717.0 	2
2085.0	3388.0 	2
4582.0	4594.0 	2
2348.0	3139.0 	2
1696.0	364.0 	1
986.0	3872.0 	2
4604.0	4267.0 	2
4671.0	4669.0 	2
3225.0	4089.0 	2
292.0	2401.0 	2
2277.0	3688.0 	2
72.0	3767.0 	2
4249.0	259.0 	1
3665.0	3929.0 	2
1379.0	2822.0 	2
2816.0	2659.0 	2
2316.0	423.0 	1
1790.0	3953.0 	2
656.0	3808.0 	2
269.0	2454.0 	2
4619.0	4231.0 	2
1766.0	4729.0 	2
2571.0	3257.0 	2
2146.0	3832.0 	2
4179.0	3915.0 	2
1672.0	2572.0 	2
432.0	4157.0 	2
140.0	2037.0 	1
4370.0	650.0 	1
1484.0	4637.0 	2
42.0	2081.0 	1
2494.0	2111.0 	1
2454.0	452.0 	1
3771.0	327.0 	1
597.0	2266.0 	2
4684.0	2413.0 	1
137.0	4170.0 	2
4965.0	2910.0 	2
2271.0	1627.0 	1
2928.0	2784.0 	2
121.0	374.0 	1
2229.0	2216.0 	1
4466.0	4727.0 	2
4436.0	2975.0 	2
3635.0	1972.0 	1
1255.0	4084.0 	2
2536.0	3794.0 	2
883.0	4456.0 	2
4214.0	4340.0 	2
3467.0	944.0 	1
4988.0	2751.0 	2
4993.0	2782.0 	2
1255.0	2342.0 	2
661.0	2534.0 	2
3606.0	1135.0 	1
2458.0	4356.0 	2
4731.0	3675.0 	2
3810.0	3482.0 	2
2060.0	128.0 	1
2435.0	2588.0 	2
3786.0	1067.0 	1
1231.0	4525.0 	2
3839.0	1374.0 	1
2042.0	2717.0 	2
488.0	2736.0 	2
4585.0	666.0 	1
1163.0	1347.0 	1
1444.0	2827.0 	2
425.0	4091.0 	2
1087.0	246.0 	1
3746.0	3227.0 	2
3444.0	913.0 	1
3569.0	2552.0 	1
4263.0	2798.0 	2
2659.0	3912.0 	2
4683.0	2345.0 	1
2515.0	4519.0 	2
4562.0	4041.0 	2
3078.0	2023.0 	1
4844.0	3576.0 	2
2932.0	745.0 	1
914.0	1386.0 	1
2723.0	3580.0 	2
3514.0	4813.0 	2
3751.0	2500.0 	1
1994.0	1427.0 	1
1209.0	134.0 	1
3264.0	3470.0 	2
1712.0	4369.0 	2
1567.0	310.0 	1
3205.0	389.0 	1
4876.0	3772.0 	2
3052.0	4851.0 	2
551.0	1974.0 	1
140.0	1014.0 	1
4400.0	2706.0 	2
2652.0	226.0 	1
90.0	2941.0 	2
3626.0	4573.0 	2
3270.0	3476.0 	2
3502.0	4633.0 	2
4710.0	3063.0 	2
4564.0	2385.0 	1
572.0	4933.0 	2
2302.0	2160.0 	1
2491.0	1445.0 	1
2427.0	3157.0 	2
3344.0	1824.0 	1
1348.0	1314.0 	1
1031.0	2750.0 	2
1063.0	2949.0 	2
2120.0	1964.0 	1
1530.0	1555.0 	1
1383.0	876.0 	1
730.0	2916.0 	2
3521.0	3650.0 	2
4271.0	3206.0 	2
2761.0	2004.0 	1
2027.0	489.0 	1
4253.0	125.0 	1
61.0	207.0 	1
1564.0	1668.0 	1
1801.0	2829.0 	2
591.0	2899.0 	2
4940.0	4268.0 	2
1126.0	3248.0 	2
2892.0	2775.0 	2
3294.0	3515.0 	2
2007.0	4384.0 	2
2018.0	2771.0 	2
433.0	866.0 	1
1989.0	3270.0 	2
1347.0	4078.0 	2
4688.0	2681.0 	1
4556.0	4619.0 	2
159.0	1763.0 	1
1026.0	2458.0 	2
1632.0	1247.0 	1
34.0	1634.0 	1
4851.0	72.0 	1
247.0	4330.0 	2
4872.0	289.0 	1
4665.0	4285.0 	2
310.0	240.0 	1
1405.0	1235.0 	1
485.0	1365.0 	1
4903.0	3157.0 	2
3069.0	2896.0 	2
2072.0	2196.0 	1
1964.0	3935.0 	2
3014.0	1899.0 	1
2557.0	2641.0 	2
1798.0	3313.0 	2
1347.0	320.0 	1
3254.0	7.0 	1
2681.0	3803.0 	2
2645.0	4620.0 	2
551.0	3395.0 	2
4348.0	4051.0 	2
1141.0	2744.0 	2
4721.0	1602.0 	1
1977.0	4761.0 	2
4669.0	1293.0 	1
2625.0	175.0 	1
4423.0	2053.0 	1
4905.0	1858.0 	1
4702.0	2876.0 	2
4748.0	1806.0 	1
1347.0	954.0 	1
4808.0	3315.0 	2
4499.0	326.0 	1
1326.0	1910.0 	1
2088.0	64.0 	1
781.0	4596.0 	2
3233.0	2379.0 	1
3413.0	4934.0 	2
4694.0	4071.0 	2
799.0	170.0 	1
3386.0	1480.0 	1
4408.0	1721.0 	1
2048.0	2213.0 	1
1682.0	4417.0 	2
1234.0	2227.0 	1
3862.0	2604.0 	2
4279.0	3207.0 	2
2354.0	4337.0 	2
2308.0	3974.0 	2
1781.0	2569.0 	2
2978.0	1010.0 	1
2483.0	1744.0 	1
2732.0	3924.0 	2
4563.0	2221.0 	1
3884.0	3656.0 	2
3688.0	701.0 	1
22.0	879.0 	1
2694.0	1264.0 	1
3825.0	4175.0 	2
1323.0	4224.0 	2
264.0	812.0 	1
3646.0	4801.0 	2
2127.0	607.0 	1
1852.0	4.0 	1
1984.0	4917.0 	2
4936.0	4412.0 	2
2751.0	4050.0 	2
4132.0	4457.0 	2
1034.0	46.0 	1
1777.0	4658.0 	2
2136.0	3407.0 	2
1847.0	2806.0 	2
497.0	623.0 	1
2059.0	4513.0 	2
4320.0	4861.0 	2
325.0	2948.0 	2
1772.0	4481.0 	2
1149.0	1772.0 	1
1496.0	4152.0 	2
2819.0	1647.0 	1
1606.0	1309.0 	1
284.0	3489.0 	2
2801.0	3913.0 	2
4459.0	2189.0 	1
3722.0	645.0 	1
2265.0	1043.0 	1
4091.0	3733.0 	2
3278.0	3152.0 	2
2591.0	2922.0 	2
536.0	4217.0 	2
1390.0	4800.0 	2
828.0	4508.0 	2
4294.0	1904.0 	1
297.0	4246.0 	2
1512.0	3481.0 	2
2815.0	1783.0 	1
4600.0	1331.0 	1
4885.0	265.0 	1
3554.0	2083.0 	1
2630.0	1401.0 	1
3040.0	4144.0 	2
4846.0	904.0 	1
3599.0	3799.0 	2
4802.0	77.0 	1
2578.0	2851.0 	2
1507.0	3643.0 	2
1927.0	3042.0 	2
2494.0	4419.0 	2
4829.0	646.0 	1
2818.0	3327.0 	2
2827.0	974.0 	1
2636.0	1016.0 	1
300.0	1662.0 	1
1604.0	4088.0 	2
2625.0	4254.0 	2
836.0	1758.0 	1
4088.0	4551.0 	2
3527.0	4889.0 	2
2668.0	1330.0 	1
3516.0	2230.0 	1
2550.0	4125.0 	2
49.0	3196.0 	2
1846.0	3041.0 	2
2021.0	4798.0 	2
4137.0	1535.0 	1
3395.0	2278.0 	1
4463.0	28.0 	1
2384.0	298.0 	1
4858.0	3355.0 	2
1455.0	3662.0 	2
3740.0	1649.0 	1
1731.0	3498.0 	2
2322.0	646.0 	1
3144.0	996.0 	1
4840.0	3895.0 	2
167.0	1068.0 	1
3541.0	4678.0 	2
2914.0	2830.0 	2
840.0	556.0 	1
532.0	1406.0 	1
3858.0	3367.0 	2
1704.0	4885.0 	2
4522.0	3529.0 	2
4245.0	1636.0 	1
57.0	607.0 	1
4231.0	3991.0 	2
4514.0	1770.0 	1
1631.0	3052.0 	2
4137.0	19.0 	1
2205.0	4108.0 	2
2425.0	2470.0 	2
4131.0	3048.0 	2
595.0	3872.0 	2
326.0	1616.0 	1
2749.0	823.0 	1
4995.0	3573.0 	2
3322.0	3124.0 	2
4289.0	3392.0 	2
4167.0	1496.0 	1
2034.0	563.0 	1
3203.0	837.0 	1
4636.0	2442.0 	1
4156.0	1778.0 	1
4427.0	2292.0 	1
547.0	1945.0 	1
3393.0	250.0 	1
1230.0	3173.0 	2
2685.0	4154.0 	2
3212.0	3768.0 	2
3557.0	3146.0 	2
2941.0	1012.0 	1
2874.0	1425.0 	1
4080.0	295.0 	1
495.0	3509.0 	2
3332.0	260.0 	1
4631.0	3050.0 	2
3220.0	2699.0 	2
2202.0	1749.0 	1
1112.0	877.0 	1
4022.0	4773.0 	2
4202.0	353.0 	1
1246.0	3445.0 	2
1053.0	482.0 	1
4879.0	1191.0 	1
358.0	2807.0 	2
890.0	3256.0 	2
2781.0	3879.0 	2
4575.0	2371.0 	1
4335.0	3797.0 	2
4033.0	2913.0 	2
4897.0	3809.0 	2
84.0	1724.0 	1
2393.0	3655.0 	2
158.0	4952.0 	2
661.0	4039.0 	2
2565.0	3551.0 	2
3175.0	1072.0 	1
1529.0	3381.0 	2
3319.0	4740.0 	2
4901.0	3241.0 	2
2344.0	2360.0 	1
3497.0	4422.0 	2
4348.0	2398.0 	1
2019.0	692.0 	1
646.0	3558.0 	2
255.0	689.0 	1
4807.0	590.0 	1
4625.0	2158.0 	1
475.0	1299.0 	1
2495.0	165.0 	1
3423.0	1391.0 	1
1931.0	3971.0 	2
4932.0	548.0 	1
3073.0	2316.0 	1
3542.0	2796.0 	2
4317.0	3540.0 	2
1398.0	2260.0 	1
874.0	4626.0 	2
2424.0	4971.0 	2
4864.0	3629.0 	2
3543.0	4853.0 	2
3594.0	467.0 	1
657.0	2651.0 	2
3483.0	3691.0 	2
3196.0	2990.0 	2
3769.0	1863.0 	1
3285.0	2657.0 	2
3216.0	3697.0 	2
4125.0	4683.0 	2
748.0	2756.0 	2
996.0	520.0 	1
4379.0	3332.0 	2
4980.0	4813.0 	2
3159.0	4151.0 	2
2348.0	3374.0 	2
4214.0	1440.0 	1
1489.0	1835.0 	1
2560.0	4066.0 	2
621.0	1014.0 	1
163.0	1923.0 	1
285.0	3495.0 	2
473.0	2150.0 	1
2693.0	3728.0 	2
4842.0	2198.0 	1
1104.0	863.0 	1
107.0	3369.0 	2
4190.0	3609.0 	2
1015.0	4007.0 	2
3616.0	786.0 	1
1430.0	2885.0 	2
2996.0	618.0 	1
4404.0	2405.0 	1
1699.0	4122.0 	2
3803.0	1480.0 	1
2184.0	2433.0 	2
2898.0	1757.0 	1
496.0	4542.0 	2
1730.0	4097.0 	2
1906.0	4735.0 	2
4253.0	4761.0 	2
4013.0	3226.0 	2
1556.0	4354.0 	2
3842.0	3439.0 	2
4189.0	3603.0 	2
316.0	4683.0 	2
1956.0	2690.0 	2
2469.0	1490.0 	1
4.0	2486.0 	2
2432.0	3912.0 	2
3006.0	1238.0 	1
2977.0	3604.0 	2
4061.0	3701.0 	2
4504.0	3877.0 	2
974.0	4515.0 	2
4389.0	4697.0 	2
4190.0	172.0 	1
2832.0	3166.0 	2
1196.0	2912.0 	2
3915.0	3153.0 	2
2317.0	3713.0 	2
1345.0	1341.0 	1
3578.0	2004.0 	1
966.0	1400.0 	1
2612.0	4474.0 	2
1568.0	519.0 	1
1977.0	1273.0 	1
4526.0	2748.0 	2
4808.0	4049.0 	2
3235.0	4768.0 	2
4304.0	459.0 	1
3667.0	2905.0 	2
3251.0	1956.0 	1
1536.0	4093.0 	2
3113.0	789.0 	1
4315.0	3277.0 	2
1960.0	1324.0 	1
4470.0	2829.0 	2
888.0	1039.0 	1
2576.0	762.0 	1
2069.0	4521.0 	2
4121.0	911.0 	1
1577.0	1825.0 	1
460.0	4531.0 	2
3106.0	1535.0 	1
2203.0	3743.0 	2
2954.0	4904.0 	2
1081.0	1119.0 	1
833.0	1704.0 	1
3386.0	1603.0 	1
2235.0	1360.0 	1
1385.0	3456.0 	2
2149.0	4294.0 	2
4070.0	4879.0 	2
3538.0	4008.0 	2
2989.0	636.0 	1
3903.0	207.0 	1
1974.0	4873.0 	2
26.0	3723.0 	2
2957.0	2180.0 	1
4179.0	3895.0 	2
2923.0	4335.0 	2
3702.0	3110.0 	2
3743.0	1630.0 	1
363.0	860.0 	1
2428.0	1300.0 	1
3144.0	3083.0 	2
3723.0	1241.0 	1
2462.0	4890.0 	2
389.0	3200.0 	2
536.0	1205.0 	1
1789.0	4736.0 	2
3636.0	1642.0 	1
3680.0	3145.0 	2
245.0	3958.0 	2
4626.0	562.0 	1
3667.0	3559.0 	2
2403.0	3702.0 	2
877.0	2454.0 	2
1737.0	309.0 	1
4704.0	1053.0 	1
1670.0	2383.0 	2
3807.0	4654.0 	2
3656.0	4881.0 	2
4321.0	2328.0 	1
2580.0	4080.0 	2
2580.0	3882.0 	2
4551.0	720.0 	1
708.0	3387.0 	2
1934.0	3169.0 	2
3009.0	2387.0 	1
1472.0	4881.0 	2
1662.0	1314.0 	1
3794.0	2182.0 	1
4925.0	594.0 	1
4657.0	3525.0 	2
701.0	922.0 	1
2043.0	1556.0 	1
2964.0	4348.0 	2
4158.0	392.0 	1
1407.0	2358.0 	2
4244.0	4657.0 	2
4220.0	2858.0 	2
4688.0	1908.0 	1
332.0	1685.0 	1
2285.0	883.0 	1
3575.0	1783.0 	1
641.0	3925.0 	2
1488.0	1531.0 	1
1552.0	3660.0 	2
2418.0	1229.0 	1
1548.0	4174.0 	2
1438.0	1360.0 	1
4665.0	2892.0 	2
319.0	2674.0 	2
4580.0	92.0 	1
3955.0	1657.0 	1
3520.0	4960.0 	2
113.0	869.0 	1
3231.0	3136.0 	2
3767.0	162.0 	1
375.0	4692.0 	2
3589.0	3281.0 	2
799.0	1182.0 	1
45.0	4174.0 	2
1449.0	1540.0 	1
2511.0	159.0 	1
4112.0	1850.0 	1
3077.0	2142.0 	1
1431.0	2362.0 	2
1542.0	2820.0 	2
3649.0	1467.0 	1
3966.0	3392.0 	2
2762.0	1844.0 	1
690.0	4717.0 	2
3988.0	2708.0 	2
4425.0	4586.0 	2
1796.0	641.0 	1
704.0	3393.0 	2
1725.0	4279.0 	2
2147.0	4011.0 	2
1729.0	3134.0 	2
1016.0	1523.0 	1
1450.0	2281.0 	1
143.0	1063.0 	1
3584.0	4605.0 	2
4413.0	1109.0 	1
207.0	425.0 	1
4639.0	1130.0 	1
4936.0	1803.0 	1
4168.0	472.0 	1
3669.0	2986.0 	2
646.0	930.0 	1
237.0	2181.0 	1
2337.0	3817.0 	2
3136.0	1363.0 	1
1224.0	461.0 	1
1523.0	2869.0 	2
1854.0	1332.0 	1
4311.0	878.0 	1
2036.0	3668.0 	2
4557.0	330.0 	1
1099.0	1983.0 	1
3139.0	1318.0 	1
1162.0	2533.0 	2
2636.0	4111.0 	2
1994.0	221.0 	1
4934.0	4322.0 	2
2920.0	848.0 	1
4428.0	1031.0 	1
2439.0	1892.0 	1
3884.0	442.0 	1
3284.0	4346.0 	2
810.0	3646.0 	2
3385.0	2527.0 	1
16.0	3020.0 	2
335.0	1687.0 	1
1092.0	4971.0 	2
2060.0	4173.0 	2
4790.0	3962.0 	2
575.0	2821.0 	2
2793.0	406.0 	1
4833.0	2377.0 	1
3931.0	375.0 	1
3705.0	2216.0 	1
1152.0	3228.0 	2
509.0	4826.0 	2
1549.0	4073.0 	2
3627.0	1760.0 	1
4997.0	4093.0 	2
1675.0	2132.0 	1
3261.0	72.0 	1
1934.0	2093.0 	1
516.0	4906.0 	2
961.0	2991.0 	2
4177.0	1423.0 	1
264.0	4242.0 	2
2531.0	1696.0 	1
2614.0	2010.0 	1
2602.0	2194.0 	1
3732.0	2916.0 	2
4568.0	4771.0 	2
3904.0	4162.0 	2
4168.0	2773.0 	2
2539.0	1174.0 	1
2427.0	4745.0 	2
335.0	2438.0 	2
2953.0	4162.0 	2
4122.0	1177.0 	1
239.0	4549.0 	2
4518.0	1061.0 	1
379.0	494.0 	1
3545.0	1011.0 	1
3409.0	2148.0 	1
505.0	3877.0 	2
598.0	2612.0 	2
4107.0	4231.0 	2
467.0	533.0 	1
1316.0	1608.0 	1
4490.0	721.0 	1
867.0	2032.0 	1
27.0	3172.0 	2
419.0	3770.0 	2
193.0	3361.0 	2
3614.0	2628.0 	2
3110.0	2925.0 	2
1859.0	2596.0 	2
2382.0	3084.0 	2
3622.0	705.0 	1
1657.0	295.0 	1
1773.0	2062.0 	1
3363.0	4979.0 	2
2803.0	1147.0 	1
3776.0	307.0 	1
1225.0	2348.0 	2
572.0	2220.0 	1
3578.0	4842.0 	2
2384.0	3077.0 	2
2363.0	2279.0 	1
134.0	1965.0 	1
4352.0	700.0 	1
1345.0	161.0 	1
3143.0	1474.0 	1
3864.0	502.0 	1
708.0	1062.0 	1
2215.0	1775.0 	1
2073.0	2215.0 	1
2907.0	3314.0 	2
14.0	3521.0 	2
2234.0	1007.0 	1
3851.0	2175.0 	1
3960.0	1573.0 	1
63.0	928.0 	1
3048.0	3497.0 	2
3526.0	1847.0 	1
4574.0	3443.0 	2
2496.0	4173.0 	2
4691.0	3754.0 	2
2832.0	2942.0 	2
3256.0	2932.0 	2
1489.0	2343.0 	1
561.0	1577.0 	1
2520.0	652.0 	1
3204.0	3718.0 	2
329.0	1218.0 	1
2696.0	1407.0 	1
3059.0	4911.0 	2
2625.0	695.0 	1
4354.0	4512.0 	2
666.0	2929.0 	2
1579.0	270.0 	1
1563.0	314.0 	1
1784.0	2634.0 	2
847.0	1377.0 	1
2887.0	4052.0 	2
686.0	2012.0 	1
2128.0	2418.0 	1
3991.0	1581.0 	1
4784.0	403.0 	1
618.0	4625.0 	2
1403.0	2248.0 	1
3490.0	2694.0 	2
2730.0	1406.0 	1
1383.0	1673.0 	1
3553.0	4783.0 	2
844.0	4265.0 	2
2935.0	3124.0 	2
2851.0	23.0 	1
1495.0	139.0 	1
2080.0	1898.0 	1
3913.0	2255.0 	1
911.0	4207.0 	2
589.0	154.0 	1
3238.0	293.0 	1
3310.0	2682.0 	2
3711.0	2501.0 	1
4301.0	23.0 	1
2702.0	1973.0 	1
1317.0	1117.0 	1
4456.0	3753.0 	2
438.0	4811.0 	2
4386.0	839.0 	1
354.0	2880.0 	2
2880.0	2936.0 	2
2651.0	3354.0 	2
4549.0	2221.0 	1
2735.0	4580.0 	2
2114.0	2299.0 	1
4568.0	196.0 	1
2433.0	3045.0 	2
4297.0	4422.0 	2
1288.0	3721.0 	2
4585.0	3843.0 	2
3450.0	2377.0 	1
2122.0	3510.0 	2
2926.0	3739.0 	2
861.0	151.0 	1
4478.0	1211.0 	1
178.0	14.0 	1
4235.0	4665.0 	2
2930.0	4776.0 	2
1384.0	3950.0 	2
3719.0	4049.0 	2
1917.0	4201.0 	2
1573.0	1846.0 	1
4539.0	1097.0 	1
2552.0	941.0 	1
4442.0	2214.0 	1
2254.0	295.0 	1
3995.0	2435.0 	1
1451.0	4846.0 	2
208.0	1293.0 	1
708.0	3551.0 	2
3413.0	4344.0 	2
2810.0	4739.0 	2
3197.0	2535.0 	2
4124.0	1906.0 	1
4705.0	4381.0 	2
1664.0	3806.0 	2
1161.0	2752.0 	2
2779.0	132.0 	1
433.0	4830.0 	2
4558.0	2837.0 	2
4207.0	538.0 	1
2457.0	3883.0 	2
2910.0	2632.0 	2
3405.0	4925.0 	2
4007.0	3615.0 	2
3146.0	1753.0 	1
2772.0	1387.0 	1
3665.0	3443.0 	2
3001.0	3508.0 	2
2146.0	1285.0 	1
4931.0	2106.0 	1
3380.0	4290.0 	2
2476.0	3087.0 	2
831.0	193.0 	1
4309.0	865.0 	1
4273.0	3256.0 	2
1247.0	667.0 	1
2341.0	204.0 	1
903.0	4012.0 	2
2382.0	3147.0 	2
1034.0	3730.0 	2
1393.0	1374.0 	1
1573.0	3353.0 	2
3448.0	2172.0 	1
3484.0	2961.0 	2
1263.0	1602.0 	1
4055.0	3399.0 	2
4864.0	3786.0 	2
4887.0	2910.0 	2
2785.0	2189.0 	1
3296.0	1327.0 	1
457.0	3340.0 	2
111.0	2963.0 	2
1025.0	2221.0 	1
2766.0	3236.0 	2
4127.0	3305.0 	2
4111.0	3236.0 	2
3722.0	1.0 	1
4800.0	1363.0 	1
1887.0	1383.0 	1
3096.0	3075.0 	2
2114.0	2738.0 	2
1566.0	1044.0 	1
805.0	3019.0 	2
3578.0	3371.0 	2
2896.0	3541.0 	2
2680.0	691.0 	1
3331.0	606.0 	1
3453.0	2827.0 	2
3797.0	1827.0 	1
3333.0	2239.0 	1
4683.0	1341.0 	1
1348.0	3694.0 	2
640.0	4856.0 	2
3478.0	1828.0 	1
890.0	2435.0 	2
2729.0	733.0 	1
1642.0	3315.0 	2
922.0	4418.0 	2
4624.0	1214.0 	1
4052.0	1790.0 	1
3704.0	3078.0 	2
995.0	4017.0 	2
942.0	3040.0 	2
1000.0	1576.0 	1
3459.0	962.0 	1
1009.0	736.0 	1
2731.0	878.0 	1
2416.0	3677.0 	2
1829.0	4301.0 	2
1507.0	2134.0 	1
2050.0	4857.0 	2
162.0	1302.0 	1
1788.0	4676.0 	2
4939.0	2158.0 	1
2882.0	4584.0 	2
1926.0	4487.0 	2
2878.0	4910.0 	2
2827.0	569.0 	1
3759.0	3076.0 	2
4653.0	2593.0 	1
2380.0	3438.0 	2
2630.0	3123.0 	2
3354.0	533.0 	1
251.0	4693.0 	2
1755.0	2387.0 	2
655.0	461.0 	1
238.0	324.0 	1
3843.0	521.0 	1
3561.0	3592.0 	2
430.0	3803.0 	2
4655.0	2752.0 	2
558.0	1100.0 	1
1388.0	4033.0 	2
1613.0	906.0 	1
4934.0	3923.0 	2
2825.0	244.0 	1
2900.0	782.0 	1
3682.0	4229.0 	2
2605.0	4271.0 	2
1096.0	1946.0 	1
2792.0	4777.0 	2
3032.0	2278.0 	1
3631.0	494.0 	1
4908.0	1950.0 	1
1808.0	2864.0 	2
2580.0	278.0 	1
732.0	2711.0 	2
2530.0	1566.0 	1
2625.0	661.0 	1
122.0	1163.0 	1
1118.0	4901.0 	2
4949.0	3175.0 	2
4129.0	1507.0 	1
2487.0	558.0 	1
2066.0	4232.0 	2
556.0	3029.0 	2
2906.0	1880.0 	1
3399.0	1957.0 	1
1752.0	4054.0 	2
1976.0	1587.0 	1
1279.0	3849.0 	2
3615.0	3056.0 	2
1791.0	999.0 	1
3789.0	2729.0 	2
591.0	4699.0 	2
453.0	4772.0 	2
1629.0	73.0 	1
859.0	4940.0 	2
2576.0	2566.0 	2
2339.0	1022.0 	1
4912.0	1399.0 	1
4099.0	4651.0 	2
202.0	720.0 	1
1539.0	2619.0 	2
4361.0	4514.0 	2
3372.0	3894.0 	2
2734.0	3379.0 	2
4153.0	4979.0 	2
2302.0	3601.0 	2
2631.0	2097.0 	1
1429.0	80.0 	1
1895.0	124.0 	1
3053.0	2749.0 	2
4775.0	4082.0 	2
4339.0	4042.0 	2
1189.0	2663.0 	2
3903.0	1737.0 	1
3136.0	567.0 	1
315.0	711.0 	1
1974.0	2275.0 	1
3418.0	4183.0 	2
205.0	1940.0 	1
2654.0	1928.0 	1
4340.0	3131.0 	2
429.0	3347.0 	2
3778.0	3626.0 	2
4491.0	2820.0 	2
4302.0	440.0 	1
599.0	1719.0 	1
2149.0	3436.0 	2
4213.0	622.0 	1
837.0	1830.0 	1
3935.0	662.0 	1
1568.0	3474.0 	2
1749.0	4717.0 	2
683.0	3251.0 	2
4493.0	723.0 	1
4434.0	2863.0 	2
3718.0	2871.0 	2
1089.0	2177.0 	1
1059.0	4380.0 	2
1793.0	4448.0 	2
2720.0	2500.0 	2
3370.0	3084.0 	2
3247.0	2420.0 	1
608.0	2537.0 	2
1938.0	4790.0 	2
1827.0	4597.0 	2
485.0	4519.0 	2
4069.0	4821.0 	2
358.0	839.0 	1
422.0	3466.0 	2
2317.0	4976.0 	2
438.0	4847.0 	2
2238.0	245.0 	1
1716.0	2367.0 	1
995.0	24.0 	1
2823.0	1778.0 	1
2566.0	3496.0 	2
1830.0	2525.0 	2
328.0	1685.0 	1
3312.0	424.0 	1
1881.0	783.0 	1
4809.0	1900.0 	1
4626.0	990.0 	1
4654.0	346.0 	1
3834.0	1545.0 	1
4548.0	3258.0 	2
1771.0	1333.0 	1
4860.0	1063.0 	1
3842.0	3360.0 	2
1260.0	216.0 	1
1819.0	4505.0 	2
3188.0	2248.0 	1
531.0	2894.0 	2
4225.0	2160.0 	1
3335.0	1455.0 	1
2310.0	1259.0 	1
158.0	961.0 	1
3939.0	2322.0 	1
3468.0	1042.0 	1
3854.0	956.0 	1
4841.0	1444.0 	1
3308.0	2600.0 	2
4102.0	100.0 	1
3935.0	1979.0 	1
1586.0	978.0 	1
2663.0	1532.0 	1
656.0	1960.0 	1
2497.0	2843.0 	2
2698.0	3577.0 	2
94.0	4899.0 	2
1192.0	1859.0 	1
2399.0	4359.0 	2
2895.0	237.0 	1
3805.0	4615.0 	2
2004.0	2519.0 	2
817.0	898.0 	1
2386.0	2077.0 	1
2341.0	2079.0 	1
2501.0	3583.0 	2
2428.0	3141.0 	2
4950.0	3005.0 	2
4289.0	4035.0 	2
2460.0	3938.0 	2
341.0	4191.0 	2
2199.0	2418.0 	1
1678.0	1866.0 	1
5.0	1986.0 	1
200.0	4388.0 	2
3028.0	2421.0 	1
2472.0	3642.0 	2
2976.0	3699.0 	2
246.0	63.0 	1
1965.0	2379.0 	1
1502.0	3268.0 	2
3759.0	3291.0 	2
39.0	1730.0 	1
53.0	1293.0 	1
3297.0	2328.0 	1
1636.0	3832.0 	2
4315.0	1933.0 	1
4600.0	2036.0 	1
740.0	1249.0 	1
1629.0	3558.0 	2
4282.0	2012.0 	1
2181.0	346.0 	1
2916.0	1698.0 	1
2676.0	3066.0 	2
991.0	1020.0 	1
2305.0	2666.0 	2
4313.0	4450.0 	2
1550.0	2638.0 	2
1651.0	4475.0 	2
2689.0	2055.0 	1
2555.0	2545.0 	2
3152.0	2702.0 	2
1696.0	3516.0 	2
911.0	2306.0 	2
1483.0	3434.0 	2
484.0	3996.0 	2
4257.0	467.0 	1
3094.0	1700.0 	1
605.0	577.0 	1
1091.0	4946.0 	2
4176.0	1099.0 	1
1554.0	1867.0 	1
2827.0	267.0 	1
1975.0	4045.0 	2
2414.0	4790.0 	2
3095.0	1469.0 	1
1053.0	4030.0 	2
13.0	1676.0 	1
4826.0	4856.0 	2
196.0	3170.0 	2
3226.0	4268.0 	2
2947.0	1612.0 	1
4436.0	3106.0 	2
4842.0	2659.0 	1
3564.0	4425.0 	2
1276.0	3906.0 	2
2573.0	1422.0 	1
3997.0	3116.0 	2
2753.0	1906.0 	1
4887.0	2587.0 	1
2676.0	4552.0 	2
3840.0	2576.0 	1
334.0	4366.0 	2
3704.0	3045.0 	2
2965.0	3625.0 	2
431.0	1811.0 	1
3905.0	1787.0 	1
2505.0	2144.0 	1
3628.0	3729.0 	2
4220.0	4788.0 	2
3535.0	795.0 	1
695.0	3859.0 	2
920.0	221.0 	1
3913.0	4127.0 	2
133.0	3707.0 	2
1028.0	4647.0 	2
4779.0	846.0 	1
2449.0	1587.0 	1
1023.0	948.0 	1
456.0	2858.0 	2
1544.0	1379.0 	1
3740.0	977.0 	1
4817.0	298.0 	1
2950.0	1458.0 	1
889.0	3885.0 	2
2832.0	199.0 	1
3292.0	2019.0 	1
3444.0	4024.0 	2
2502.0	1068.0 	1
2940.0	2511.0 	2
2271.0	4264.0 	2
775.0	3952.0 	2
1203.0	3265.0 	2
972.0	1809.0 	1
1405.0	4646.0 	2
3170.0	3884.0 	2
3973.0	989.0 	1
994.0	3082.0 	2
4074.0	2919.0 	2
4786.0	475.0 	1
4552.0	4208.0 	2
2784.0	2434.0 	1
3029.0	47.0 	1
4044.0	4121.0 	2
4771.0	4436.0 	2
3954.0	711.0 	1
748.0	3363.0 	2
4292.0	2957.0 	2
3509.0	604.0 	1
4091.0	1686.0 	1
3772.0	1532.0 	1
1315.0	45.0 	1
3934.0	735.0 	1
3526.0	3243.0 	2
504.0	4892.0 	2
421.0	2751.0 	2
4808.0	1333.0 	1
1392.0	2370.0 	2
2760.0	2147.0 	1
2836.0	1109.0 	1
1747.0	3153.0 	2
2661.0	480.0 	1
2254.0	3606.0 	2
2705.0	660.0 	1
3494.0	4234.0 	2
3852.0	1631.0 	1
3040.0	3668.0 	2
947.0	246.0 	1
3364.0	2349.0 	1
1514.0	3151.0 	2
1876.0	288.0 	1
3034.0	138.0 	1
2647.0	1577.0 	1
4105.0	1685.0 	1
4754.0	960.0 	1
4232.0	769.0 	1
1570.0	2219.0 	1
2206.0	2703.0 	2
1805.0	70.0 	1
2187.0	264.0 	1
3470.0	4579.0 	2
3870.0	45.0 	1
1571.0	4200.0 	2
4100.0	4739.0 	2
3877.0	3638.0 	2
3555.0	3260.0 	2
3401.0	3957.0 	2
1063.0	2962.0 	2
951.0	2770.0 	2
3310.0	1266.0 	1
1209.0	3357.0 	2
4944.0	3427.0 	2
4355.0	4659.0 	2
492.0	2962.0 	2
3673.0	4245.0 	2
2639.0	3263.0 	2
2740.0	2449.0 	1
2300.0	1026.0 	1
1726.0	4751.0 	2
3031.0	487.0 	1
4803.0	4245.0 	2
4495.0	3903.0 	2
626.0	3346.0 	2
2424.0	4847.0 	2
3700.0	2915.0 	2
1285.0	3058.0 	2
1199.0	1054.0 	1
4964.0	1720.0 	1
2573.0	2681.0 	2
1667.0	214.0 	1
3418.0	2140.0 	1
2739.0	4678.0 	2
3744.0	4005.0 	2
483.0	846.0 	1
610.0	1151.0 	1
258.0	1154.0 	1
1801.0	2800.0 	2
3377.0	492.0 	1
865.0	7.0 	1
2534.0	1596.0 	1
3820.0	4375.0 	2
1154.0	1501.0 	1
2177.0	3270.0 	2
1899.0	631.0 	1
2445.0	628.0 	1
1882.0	1099.0 	1
2915.0	897.0 	1
4259.0	3878.0 	2
2434.0	2835.0 	2
3781.0	427.0 	1
4524.0	2016.0 	1
4379.0	3228.0 	2
759.0	4916.0 	2
1383.0	3483.0 	2
4636.0	2383.0 	1
4634.0	4667.0 	2
3468.0	3385.0 	2
3854.0	2262.0 	1
476.0	4611.0 	2
2337.0	1171.0 	1
2038.0	2983.0 	2
2921.0	4302.0 	2
762.0	328.0 	1
3457.0	2245.0 	1
4792.0	2045.0 	1
1650.0	2967.0 	2
463.0	1505.0 	1
4036.0	4501.0 	2
4677.0	4000.0 	2
1349.0	352.0 	1
465.0	3523.0 	2
2161.0	1527.0 	1
4610.0	446.0 	1
233.0	4026.0 	2
4271.0	4187.0 	2
4214.0	2996.0 	2
539.0	2662.0 	2
4584.0	2043.0 	1
272.0	2846.0 	2
4872.0	4952.0 	2
3991.0	4233.0 	2
2486.0	4438.0 	2
4545.0	2466.0 	1
3947.0	2228.0 	1
3616.0	2787.0 	2
4193.0	461.0 	1
4538.0	229.0 	1
1537.0	1933.0 	1
4938.0	2040.0 	1
4565.0	4171.0 	2
2640.0	3228.0 	2
979.0	833.0 	1
1546.0	3534.0 	2
4819.0	3952.0 	2
996.0	3848.0 	2
1052.0	2262.0 	1
3865.0	3545.0 	2
1285.0	1355.0 	1
3463.0	2330.0 	1
3250.0	3700.0 	2
4550.0	2313.0 	1
4422.0	4972.0 	2
3956.0	58.0 	1
2888.0	1401.0 	1
2373.0	623.0 	1
4868.0	2783.0 	2
2851.0	924.0 	1
2989.0	2907.0 	2
733.0	3730.0 	2
1263.0	1241.0 	1
3828.0	1187.0 	1
4616.0	1944.0 	1
1962.0	706.0 	1
3274.0	1188.0 	1
392.0	4661.0 	2
3766.0	124.0 	1
1868.0	3573.0 	2
2926.0	1170.0 	1
3909.0	1184.0 	1
2093.0	3927.0 	2
4232.0	1800.0 	1
3034.0	3906.0 	2
3772.0	1053.0 	1
2700.0	2491.0 	2
4613.0	4483.0 	2
882.0	3874.0 	2
2396.0	750.0 	1
4713.0	4312.0 	2
1566.0	4337.0 	2
3009.0	4819.0 	2
3148.0	2418.0 	1
2791.0	3804.0 	2
2009.0	3454.0 	2
1083.0	2805.0 	2
4635.0	4692.0 	2
4210.0	3369.0 	2
2726.0	3420.0 	2
717.0	4874.0 	2
2329.0	1791.0 	1
4452.0	2282.0 	1
4518.0	3578.0 	2
1883.0	4415.0 	2
3320.0	1419.0 	1
3816.0	1963.0 	1
436.0	954.0 	1
2528.0	666.0 	1
4836.0	164.0 	1
4666.0	3957.0 	2
3358.0	2390.0 	1
2496.0	4346.0 	2
951.0	2612.0 	2
1833.0	2485.0 	2
1637.0	4300.0 	2
2350.0	4159.0 	2
3860.0	291.0 	1
1206.0	4533.0 	2
1303.0	4364.0 	2
307.0	4498.0 	2
3683.0	102.0 	1
4513.0	2987.0 	2
1443.0	1728.0 	1
1492.0	1341.0 	1
58.0	2766.0 	2
2806.0	1427.0 	1
4767.0	4489.0 	2
1906.0	968.0 	1
220.0	4041.0 	2
2326.0	3516.0 	2
4887.0	4751.0 	2
3801.0	4687.0 	2
2220.0	1356.0 	1
1692.0	1479.0 	1
1713.0	3629.0 	2
4974.0	2007.0 	1
894.0	1941.0 	1
576.0	4831.0 	2
1106.0	829.0 	1
4514.0	4503.0 	2
706.0	944.0 	1
4627.0	846.0 	1
3964.0	3532.0 	2
245.0	1930.0 	1
1835.0	971.0 	1
1919.0	68.0 	1
3592.0	2049.0 	1
1602.0	836.0 	1
4289.0	1345.0 	1
1125.0	2073.0 	1
4.0	2263.0 	2
2772.0	2833.0 	2
3433.0	3161.0 	2
2886.0	1985.0 	1
2889.0	1988.0 	1
4753.0	3523.0 	2
2037.0	2849.0 	2
4486.0	115.0 	1
2142.0	405.0 	1
2350.0	1365.0 	1
4804.0	1237.0 	1
1144.0	945.0 	1
4669.0	2864.0 	2
4364.0	3405.0 	2
997.0	4192.0 	2
3452.0	2971.0 	2
2439.0	2754.0 	2
4736.0	2280.0 	1
877.0	3843.0 	2
74.0	4556.0 	2
541.0	1951.0 	1
1352.0	338.0 	1
3066.0	1450.0 	1
2575.0	132.0 	1
1066.0	2630.0 	2
2342.0	4590.0 	2
91.0	2923.0 	2
2079.0	3003.0 	2
3255.0	4852.0 	2
2914.0	4835.0 	2
2114.0	4144.0 	2
70.0	4674.0 	2
2229.0	2211.0 	1
2824.0	4812.0 	2
3301.0	4078.0 	2
4081.0	4989.0 	2
3242.0	412.0 	1
1693.0	3132.0 	2
1536.0	1436.0 	1
4326.0	4467.0 	2
4109.0	4134.0 	2
4232.0	653.0 	1
2783.0	2776.0 	2
526.0	3901.0 	2
3943.0	189.0 	1
2634.0	2129.0 	1
3753.0	2038.0 	1
2599.0	1218.0 	1
203.0	4955.0 	2
586.0	3798.0 	2
3299.0	2999.0 	2
3106.0	2224.0 	1
4270.0	4445.0 	2
3106.0	2188.0 	1
3899.0	1121.0 	1
3739.0	321.0 	1
4692.0	2549.0 	1
80.0	64.0 	1
1821.0	3892.0 	2
3463.0	4568.0 	2
4029.0	1203.0 	1
3583.0	3120.0 	2
2434.0	2098.0 	1
812.0	1124.0 	1
4862.0	4964.0 	2
1783.0	1572.0 	1
3368.0	2895.0 	2
4787.0	53.0 	1
3566.0	3853.0 	2
1473.0	2642.0 	2
144.0	3071.0 	2
4207.0	3428.0 	2
1443.0	1428.0 	1
4120.0	1690.0 	1
1557.0	1847.0 	1
1072.0	4348.0 	2
2504.0	161.0 	1
1079.0	2854.0 	2
4055.0	1341.0 	1
3325.0	3976.0 	2
101.0	77.0 	1
219.0	680.0 	1
755.0	2669.0 	2
1430.0	3570.0 	2
3206.0	1140.0 	1
2827.0	3291.0 	2
1163.0	1673.0 	1
780.0	2181.0 	1
958.0	3593.0 	2
3584.0	4375.0 	2
717.0	3693.0 	2
1131.0	3608.0 	2
2333.0	1631.0 	1
1420.0	361.0 	1
3208.0	1687.0 	1
2989.0	1383.0 	1
1579.0	1369.0 	1
1253.0	524.0 	1
866.0	1702.0 	1
4606.0	725.0 	1
672.0	2186.0 	1
4635.0	2637.0 	1
424.0	4376.0 	2
2327.0	4940.0 	2
4160.0	4248.0 	2
4701.0	4137.0 	2
1606.0	2973.0 	2
4107.0	3831.0 	2
4262.0	4353.0 	2
771.0	2667.0 	2
2983.0	2280.0 	1
2390.0	3973.0 	2
1372.0	1502.0 	1
726.0	4251.0 	2
3020.0	2583.0 	2
4202.0	3876.0 	2
761.0	4840.0 	2
1971.0	2749.0 	2
1469.0	3782.0 	2
4701.0	2659.0 	1
1098.0	733.0 	1
2788.0	2816.0 	2
1758.0	2697.0 	2
2095.0	1426.0 	1
997.0	4629.0 	2
1011.0	2576.0 	2
4814.0	4071.0 	2
524.0	2846.0 	2
2227.0	1030.0 	1
4226.0	4014.0 	2
4586.0	787.0 	1
3216.0	1723.0 	1
2368.0	3371.0 	2
1075.0	354.0 	1
2096.0	4200.0 	2
1932.0	1703.0 	1
3738.0	770.0 	1
898.0	865.0 	1
4210.0	2344.0 	1
2034.0	2024.0 	1
206.0	2097.0 	1
999.0	2430.0 	2
2572.0	2359.0 	1
716.0	1969.0 	1
4069.0	670.0 	1
3995.0	4484.0 	2
2484.0	1968.0 	1
4250.0	4184.0 	2
1602.0	912.0 	1
1979.0	1047.0 	1
1142.0	2833.0 	2
910.0	4737.0 	2
2881.0	4960.0 	2
3885.0	1918.0 	1
350.0	1342.0 	1
922.0	2579.0 	2
392.0	4630.0 	2
4294.0	16.0 	1
4240.0	4008.0 	2
1348.0	1327.0 	1
1342.0	2840.0 	2
3255.0	2317.0 	1
4407.0	2120.0 	1
3861.0	4273.0 	2
4039.0	2479.0 	1
2461.0	3277.0 	2
1814.0	876.0 	1
1082.0	332.0 	1
2493.0	1532.0 	1
2091.0	3525.0 	2
251.0	661.0 	1
442.0	2584.0 	2
4608.0	2648.0 	1
1374.0	2488.0 	2
2368.0	485.0 	1
535.0	4787.0 	2
103.0	2576.0 	2
724.0	4016.0 	2
85.0	225.0 	1
3786.0	672.0 	1
1710.0	4447.0 	2
2078.0	407.0 	1
2659.0	1023.0 	1
847.0	2144.0 	1
4970.0	3659.0 	2
4113.0	1500.0 	1
4367.0	2154.0 	1
1932.0	861.0 	1
4378.0	4331.0 	2
4587.0	3492.0 	2
2177.0	1784.0 	1
3280.0	2658.0 	2
4457.0	3654.0 	2
110.0	4411.0 	2
4244.0	529.0 	1
2428.0	4684.0 	2
4286.0	1614.0 	1
2771.0	4210.0 	2
2667.0	1984.0 	1
2623.0	2333.0 	1
1174.0	1042.0 	1
2898.0	2609.0 	2
614.0	2052.0 	1
497.0	4194.0 	2
4969.0	2982.0 	2
4600.0	4011.0 	2
3099.0	4086.0 	2
1406.0	1011.0 	1
627.0	1910.0 	1
3950.0	1041.0 	1
3715.0	2767.0 	2
482.0	4442.0 	2
2569.0	263.0 	1
4955.0	1177.0 	1
330.0	3047.0 	2
76.0	2614.0 	2
3248.0	1606.0 	1
1088.0	4046.0 	2
3473.0	3373.0 	2
2174.0	2160.0 	1
4745.0	4777.0 	2
909.0	2685.0 	2
1374.0	3818.0 	2
3280.0	2934.0 	2
3168.0	4461.0 	2
4998.0	3966.0 	2
728.0	2918.0 	2
953.0	2668.0 	2
4608.0	1416.0 	1
1609.0	1078.0 	1
839.0	2755.0 	2
2665.0	3759.0 	2
1760.0	4946.0 	2
680.0	4193.0 	2
3847.0	4299.0 	2
2029.0	4815.0 	2
1326.0	520.0 	1
336.0	4805.0 	2
4834.0	2750.0 	2
4551.0	1882.0 	1
4614.0	4668.0 	2
1597.0	759.0 	1
462.0	2531.0 	2
4968.0	1187.0 	1
404.0	4862.0 	2
831.0	3336.0 	2
1564.0	3930.0 	2
3362.0	3887.0 	2
4662.0	2773.0 	2
3653.0	72.0 	1
4905.0	995.0 	1
4054.0	4529.0 	2
1338.0	1920.0 	1
467.0	160.0 	1
2262.0	987.0 	1
1422.0	4231.0 	2
230.0	2274.0 	2
3341.0	1584.0 	1
366.0	2040.0 	1
4896.0	698.0 	1
3171.0	3008.0 	2
1752.0	3882.0 	2
3243.0	90.0 	1
1396.0	1148.0 	1
724.0	3598.0 	2
1825.0	786.0 	1
3665.0	2568.0 	1
1591.0	262.0 	1
1124.0	2737.0 	2
575.0	2610.0 	2
4645.0	626.0 	1
3286.0	3708.0 	2
4407.0	1255.0 	1
81.0	2811.0 	2
2991.0	3428.0 	2
702.0	1152.0 	1
2710.0	1936.0 	1
2364.0	2954.0 	2
183.0	4984.0 	2
2606.0	670.0 	1
2195.0	408.0 	1
4866.0	3144.0 	2
4462.0	233.0 	1
588.0	364.0 	1
4269.0	4657.0 	2
2549.0	3415.0 	2
3755.0	2189.0 	1
3046.0	1788.0 	1
3369.0	4305.0 	2
3077.0	2580.0 	2
3839.0	1479.0 	1
4095.0	1554.0 	1
2057.0	2943.0 	2
1633.0	212.0 	1
3237.0	2411.0 	1
26.0	3179.0 	2
3444.0	2337.0 	1
180.0	4496.0 	2
2071.0	218.0 	1
33.0	2779.0 	2
3629.0	746.0 	1
2597.0	3996.0 	2
3194.0	3467.0 	2
4689.0	1806.0 	1
806.0	4165.0 	2
4699.0	892.0 	1
54.0	1946.0 	1
3622.0	1058.0 	1
2717.0	2865.0 	2
4841.0	1710.0 	1
2793.0	2541.0 	2
3206.0	4494.0 	2
4585.0	4341.0 	2
862.0	2011.0 	1
4933.0	199.0 	1
3860.0	3484.0 	2
4266.0	2696.0 	2
1932.0	4312.0 	2
3402.0	412.0 	1
3572.0	988.0 	1
2642.0	4807.0 	2
2225.0	4811.0 	2
4907.0	2794.0 	2
1174.0	3022.0 	2
1318.0	2014.0 	1
4200.0	2580.0 	1
2598.0	2822.0 	2
485.0	2472.0 	2
4888.0	1593.0 	1
1130.0	3297.0 	2
3708.0	1433.0 	1
2370.0	1821.0 	1
2270.0	1207.0 	1
2034.0	4088.0 	2
3541.0	3056.0 	2
4678.0	2470.0 	1
1225.0	714.0 	1
48.0	1151.0 	1
3063.0	1914.0 	1
2279.0	1345.0 	1
3554.0	3900.0 	2
644.0	2672.0 	2
4632.0	2403.0 	1
2928.0	2119.0 	1
91.0	869.0 	1
941.0	4792.0 	2
1239.0	3991.0 	2
1878.0	3155.0 	2
3320.0	1713.0 	1
1358.0	4274.0 	2
2650.0	2188.0 	1
2946.0	1858.0 	1
2192.0	4718.0 	2
2728.0	4595.0 	2
24.0	2043.0 	1
2184.0	1873.0 	1
3734.0	1641.0 	1
4545.0	1495.0 	1
2533.0	1325.0 	1
195.0	3882.0 	2
50.0	3008.0 	2
2197.0	3132.0 	2
3439.0	4799.0 	2
3762.0	2122.0 	1
4303.0	2813.0 	2
1580.0	4127.0 	2
4404.0	4959.0 	2
3611.0	3627.0 	2
2721.0	2952.0 	2
2639.0	85.0 	1
3098.0	4034.0 	2
4390.0	179.0 	1
1469.0	962.0 	1
1025.0	2408.0 	2
47.0	1157.0 	1
4904.0	3417.0 	2
1424.0	3654.0 	2
4287.0	2917.0 	2
4289.0	4200.0 	2
4620.0	4424.0 	2
597.0	2984.0 	2
4365.0	2760.0 	2
2735.0	1155.0 	1
4702.0	254.0 	1
3974.0	4573.0 	2
3016.0	3931.0 	2
2154.0	3234.0 	2
3169.0	3028.0 	2
1750.0	2989.0 	2
3646.0	745.0 	1
3282.0	552.0 	1
1473.0	1069.0 	1
2879.0	3038.0 	2
217.0	247.0 	1
1620.0	4807.0 	2
3539.0	1248.0 	1
17.0	3118.0 	2
1009.0	1600.0 	1
811.0	4316.0 	2
3180.0	540.0 	1
2403.0	2283.0 	1
731.0	4305.0 	2
2150.0	2927.0 	2
3994.0	1526.0 	1
4148.0	4506.0 	2
414.0	4358.0 	2
1009.0	3353.0 	2
1364.0	2029.0 	1
3002.0	2749.0 	2
3779.0	1169.0 	1
1496.0	816.0 	1
1982.0	1137.0 	1
4375.0	2060.0 	1
278.0	3938.0 	2
3176.0	2293.0 	1
2131.0	1418.0 	1
556.0	2027.0 	1
1078.0	4590.0 	2
4354.0	4759.0 	2
3161.0	3206.0 	2
2774.0	207.0 	1
4389.0	136.0 	1
4441.0	187.0 	1
337.0	2501.0 	2
487.0	1588.0 	1
4179.0	1338.0 	1
599.0	2925.0 	2
4377.0	1283.0 	1
285.0	4432.0 	2
4615.0	1008.0 	1
4490.0	3524.0 	2
417.0	4142.0 	2
1052.0	4544.0 	2
499.0	3683.0 	2
2426.0	641.0 	1
3526.0	3329.0 	2
3175.0	173.0 	1
3911.0	387.0 	1
2408.0	258.0 	1
1887.0	2385.0 	1
712.0	832.0 	1
3481.0	2938.0 	2
2728.0	2729.0 	2
713.0	2365.0 	2
1138.0	4370.0 	2
4997.0	1251.0 	1
1473.0	2092.0 	1
2810.0	3487.0 	2
4927.0	1742.0 	1
3864.0	48.0 	1
454.0	470.0 	1
372.0	2664.0 	2
2805.0	1732.0 	1
273.0	2634.0 	2
1019.0	3863.0 	2
1964.0	1285.0 	1
4126.0	9.0 	1
3552.0	4387.0 	2
4955.0	1143.0 	1
3799.0	2738.0 	2
2684.0	3599.0 	2
2153.0	1208.0 	1
3160.0	154.0 	1
27.0	3448.0 	2
1195.0	3226.0 	2
4633.0	697.0 	1
3119.0	4411.0 	2
4926.0	192.0 	1
3312.0	1914.0 	1
2474.0	4543.0 	2
1597.0	3115.0 	2
4479.0	3752.0 	2
35.0	4846.0 	2
1164.0	3642.0 	2
2903.0	18.0 	1
4876.0	4003.0 	2
4901.0	4207.0 	2
2634.0	4012.0 	2
2094.0	4628.0 	2
607.0	3050.0 	2
1750.0	933.0 	1
4917.0	462.0 	1
1904.0	397.0 	1
561.0	3591.0 	2
3801.0	3477.0 	2
1384.0	3653.0 	2
1774.0	2145.0 	1
4136.0	1024.0 	1
4541.0	3136.0 	2
4952.0	1602.0 	1
4959.0	4171.0 	2
1707.0	1358.0 	1
3443.0	4898.0 	2
3175.0	596.0 	1
3783.0	2999.0 	2
1183.0	2106.0 	1
1664.0	3583.0 	2
3054.0	457.0 	1
86.0	57.0 	1
807.0	718.0 	1
3677.0	814.0 	1
2888.0	2586.0 	2
3614.0	2474.0 	1
2781.0	783.0 	1
3660.0	1169.0 	1
4319.0	1630.0 	1
260.0	268.0 	1
900.0	3411.0 	2
3518.0	2839.0 	2
434.0	2229.0 	1
1088.0	510.0 	1
894.0	1476.0 	1
313.0	3964.0 	2
2177.0	667.0 	1
2145.0	254.0 	1
4583.0	356.0 	1
3535.0	752.0 	1
4260.0	4862.0 	2
296.0	3761.0 	2
2711.0	130.0 	1
854.0	4273.0 	2
643.0	355.0 	1
2984.0	3954.0 	2
1966.0	476.0 	1
4064.0	598.0 	1
2136.0	2352.0 	1
925.0	386.0 	1
3256.0	3386.0 	2
1950.0	580.0 	1
2544.0	391.0 	1
3087.0	3220.0 	2
1671.0	1843.0 	1
4905.0	2341.0 	1
687.0	463.0 	1
3356.0	2288.0 	1
4442.0	2930.0 	2
3911.0	4602.0 	2
859.0	2516.0 	2
3131.0	3155.0 	2
1463.0	407.0 	1
1082.0	980.0 	1
3477.0	4893.0 	2
102.0	4889.0 	2
1668.0	1995.0 	1
3212.0	3581.0 	2
1635.0	3290.0 	2
2333.0	4849.0 	2
4599.0	66.0 	1
2366.0	686.0 	1
4870.0	4104.0 	2
3837.0	3536.0 	2
2753.0	663.0 	1
614.0	1030.0 	1
2269.0	3574.0 	2
4601.0	2634.0 	1
2916.0	4012.0 	2
3343.0	1600.0 	1
3901.0	586.0 	1
4879.0	2386.0 	1
418.0	3327.0 	2
4257.0	391.0 	1
1047.0	98.0 	1
1674.0	966.0 	1
3135.0	509.0 	1
2267.0	4283.0 	2
276.0	2490.0 	2
2211.0	134.0 	1
647.0	2499.0 	2
2475.0	1950.0 	1
4058.0	2059.0 	1
2781.0	1888.0 	1
2462.0	1521.0 	1
3003.0	3630.0 	2
1104.0	1413.0 	1
4347.0	4795.0 	2
487.0	3455.0 	2
1889.0	4477.0 	2
3648.0	4798.0 	2
4823.0	2494.0 	1
3798.0	3727.0 	2
2693.0	2172.0 	1
1857.0	4299.0 	2
4049.0	2171.0 	1
1490.0	4105.0 	2
885.0	3783.0 	2
1771.0	2037.0 	1
2300.0	4558.0 	2
52.0	2626.0 	2
4079.0	2469.0 	1
1241.0	2300.0 	1
2056.0	3982.0 	2
4482.0	2142.0 	1
1719.0	291.0 	1
2353.0	1606.0 	1
658.0	4204.0 	2
2990.0	3943.0 	2
1502.0	607.0 	1
2469.0	3852.0 	2
4422.0	4869.0 	2
1468.0	2267.0 	1
724.0	3629.0 	2
48.0	3589.0 	2
4122.0	317.0 	1
288.0	38.0 	1
3042.0	4963.0 	2
4738.0	2451.0 	1
2201.0	4057.0 	2
260.0	928.0 	1
2975.0	1543.0 	1
2179.0	1659.0 	1
3215.0	2231.0 	1
201.0	397.0 	1
2334.0	202.0 	1
1324.0	3330.0 	2
4099.0	1966.0 	1
2769.0	574.0 	1
4138.0	2307.0 	1
4170.0	1511.0 	1
4936.0	4016.0 	2
2065.0	468.0 	1
215.0	409.0 	1
1688.0	2746.0 	2
1641.0	3764.0 	2
4704.0	3311.0 	2
2357.0	2183.0 	1
3843.0	4245.0 	2
2079.0	2541.0 	2
4937.0	2340.0 	1
593.0	4563.0 	2
1833.0	996.0 	1
2193.0	2754.0 	2
4355.0	2623.0 	1
2016.0	884.0 	1
1326.0	3408.0 	2
4387.0	3534.0 	2
2572.0	1430.0 	1
4103.0	1912.0 	1
13.0	1521.0 	1
2312.0	4357.0 	2
1379.0	3218.0 	2
819.0	4408.0 	2
403.0	2596.0 	2
3228.0	2117.0 	1
1178.0	1712.0 	1
1607.0	260.0 	1
3243.0	2442.0 	1
4151.0	3006.0 	2
784.0	1621.0 	1
2907.0	3974.0 	2
4550.0	3626.0 	2
600.0	3397.0 	2
3551.0	2804.0 	2
4967.0	2547.0 	1
2345.0	3494.0 	2
4039.0	2400.0 	1
3429.0	2530.0 	1
4184.0	3274.0 	2
135.0	3222.0 	2
4806.0	1993.0 	1
1042.0	1339.0 	1
1952.0	159.0 	1
1663.0	1610.0 	1
4749.0	2032.0 	1
4310.0	4787.0 	2
559.0	3962.0 	2
587.0	2949.0 	2
4724.0	1006.0 	1
4870.0	2780.0 	2
26.0	2544.0 	2
3919.0	4818.0 	2
4688.0	2448.0 	1
3227.0	4898.0 	2
4327.0	863.0 	1
4688.0	4290.0 	2
2013.0	4843.0 	2
2109.0	2765.0 	2
9.0	4147.0 	2
672.0	3317.0 	2
1690.0	139.0 	1
3546.0	3869.0 	2
2469.0	4042.0 	2
34.0	4986.0 	2
619.0	3714.0 	2
4594.0	2229.0 	1
815.0	1291.0 	1
4133.0	4954.0 	2
2939.0	472.0 	1
1303.0	1860.0 	1
2700.0	1037.0 	1
1181.0	4350.0 	2
3388.0	3245.0 	2
2736.0	3818.0 	2
3717.0	2046.0 	1
4325.0	3199.0 	2
592.0	2524.0 	2
1695.0	1684.0 	1
2171.0	4665.0 	2
283.0	1085.0 	1
2646.0	2777.0 	2
1286.0	2310.0 	1
2025.0	1396.0 	1
764.0	3372.0 	2
2812.0	3739.0 	2
203.0	4502.0 	2
56.0	1043.0 	1
350.0	2308.0 	2
995.0	1613.0 	1
1272.0	1570.0 	1
560.0	343.0 	1
4556.0	532.0 	1
4774.0	1902.0 	1
598.0	4774.0 	2
3698.0	1400.0 	1
1989.0	3685.0 	2
3713.0	3755.0 	2
4177.0	1781.0 	1
2441.0	1572.0 	1
3095.0	4299.0 	2
4718.0	2370.0 	1
548.0	822.0 	1
3047.0	2153.0 	1
2334.0	4869.0 	2
3112.0	2329.0 	1
1763.0	121.0 	1
4063.0	4617.0 	2
109.0	4838.0 	2
3890.0	562.0 	1
4504.0	4333.0 	2
737.0	4562.0 	2
4116.0	3175.0 	2
4466.0	3989.0 	2
2827.0	3669.0 	2
2916.0	3948.0 	2
2987.0	2858.0 	2
910.0	196.0 	1
2500.0	415.0 	1
251.0	1756.0 	1
3571.0	4502.0 	2
2094.0	213.0 	1
4114.0	2666.0 	2
1123.0	2595.0 	2
153.0	846.0 	1
201.0	535.0 	1
3844.0	4965.0 	2
3359.0	2517.0 	1
2145.0	2179.0 	1
3197.0	1900.0 	1
2421.0	48.0 	1
632.0	3286.0 	2
3156.0	2806.0 	2
2109.0	4300.0 	2
892.0	4970.0 	2
2662.0	2574.0 	2
4263.0	4672.0 	2
450.0	4084.0 	2
1665.0	4010.0 	2
1002.0	748.0 	1
3919.0	2469.0 	1
2485.0	1252.0 	1
2039.0	507.0 	1
1289.0	4201.0 	2
1630.0	4107.0 	2
2619.0	3210.0 	2
488.0	2141.0 	1
2303.0	2544.0 	2
2209.0	424.0 	1
2601.0	3276.0 	2
3541.0	4973.0 	2
928.0	3545.0 	2
170.0	4385.0 	2
841.0	3712.0 	2
3569.0	1570.0 	1
3501.0	4815.0 	2
1834.0	685.0 	1
2471.0	511.0 	1
124.0	1179.0 	1
4952.0	219.0 	1
3749.0	1112.0 	1
657.0	750.0 	1
1923.0	1312.0 	1
4245.0	4572.0 	2
4569.0	3573.0 	2
1516.0	2097.0 	1
3454.0	1288.0 	1
1529.0	2929.0 	2
2886.0	4495.0 	2
1262.0	4222.0 	2
380.0	921.0 	1
1625.0	1024.0 	1
1095.0	1435.0 	1
2968.0	3274.0 	2
565.0	602.0 	1
3635.0	4630.0 	2
1715.0	3490.0 	2
1481.0	3457.0 	2
1828.0	4950.0 	2
4294.0	3574.0 	2
3039.0	4050.0 	2
2771.0	854.0 	1
4126.0	3002.0 	2
296.0	1658.0 	1
3255.0	800.0 	1
3450.0	1380.0 	1
3181.0	4458.0 	2
1521.0	1339.0 	1
1314.0	3097.0 	2
2902.0	904.0 	1
3715.0	4323.0 	2
1355.0	137.0 	1
1366.0	1207.0 	1
3182.0	4895.0 	2
1983.0	4386.0 	2
4953.0	1850.0 	1
4952.0	1874.0 	1
1981.0	1472.0 	1
192.0	1119.0 	1
734.0	4662.0 	2
3026.0	1134.0 	1
133.0	3436.0 	2
3586.0	710.0 	1
3116.0	60.0 	1
4167.0	1439.0 	1
1380.0	3811.0 	2
2401.0	403.0 	1
1567.0	2006.0 	1
2938.0	4695.0 	2
1040.0	2331.0 	2
898.0	646.0 	1
2621.0	3956.0 	2
4736.0	3165.0 	2
2773.0	1767.0 	1
1464.0	2375.0 	2
923.0	2533.0 	2
2471.0	223.0 	1
4520.0	2850.0 	2
1492.0	2406.0 	2
2435.0	2383.0 	1
946.0	2285.0 	1
48.0	1615.0 	1
4776.0	4002.0 	2
3644.0	3114.0 	2
298.0	1527.0 	1
469.0	3498.0 	2
464.0	3887.0 	2
4454.0	1806.0 	1
1721.0	4630.0 	2
96.0	499.0 	1
4752.0	4137.0 	2
885.0	2722.0 	2
1159.0	608.0 	1
2153.0	2155.0 	1
4986.0	256.0 	1
4965.0	1071.0 	1
422.0	263.0 	1
3221.0	4185.0 	2
2087.0	1779.0 	1
1896.0	2293.0 	1
1215.0	2898.0 	2
1306.0	4436.0 	2
3296.0	377.0 	1
2710.0	4807.0 	2
554.0	375.0 	1
30.0	79.0 	1
1371.0	3271.0 	2
4951.0	3244.0 	2
4590.0	3958.0 	2
4814.0	925.0 	1
3591.0	724.0 	1
2777.0	4451.0 	2
4644.0	2324.0 	1
1321.0	477.0 	1
2176.0	3288.0 	2
1783.0	1739.0 	1
3644.0	2405.0 	1
1684.0	2283.0 	1
4825.0	3244.0 	2
3588.0	3353.0 	2
4166.0	302.0 	1
3453.0	441.0 	1
1870.0	2567.0 	2
3089.0	2340.0 	1
3530.0	4101.0 	2
3417.0	4051.0 	2
339.0	2033.0 	1
199.0	1437.0 	1
3057.0	975.0 	1
4136.0	2918.0 	2
1349.0	3574.0 	2
705.0	460.0 	1
492.0	3906.0 	2
2465.0	3126.0 	2
2847.0	2806.0 	2
3833.0	4592.0 	2
3698.0	1610.0 	1
1756.0	1916.0 	1
3225.0	739.0 	1
1026.0	3260.0 	2
3220.0	999.0 	1
2027.0	32.0 	1
314.0	4124.0 	2
1945.0	4998.0 	2
3487.0	4065.0 	2
3372.0	4531.0 	2
3728.0	1331.0 	1
4607.0	4033.0 	2
19.0	123.0 	1
2996.0	1562.0 	1
1626.0	3029.0 	2
4685.0	507.0 	1
2422.0	379.0 	1
841.0	1150.0 	1
1134.0	1488.0 	1
1329.0	3733.0 	2
2792.0	2867.0 	2
4019.0	457.0 	1
149.0	2583.0 	2
4412.0	1314.0 	1
3975.0	2979.0 	2
1545.0	4982.0 	2
4668.0	3698.0 	2
4158.0	2421.0 	1
4757.0	1737.0 	1
1403.0	831.0 	1
3375.0	849.0 	1
1440.0	3332.0 	2
2287.0	3674.0 	2
4822.0	1542.0 	1
369.0	2998.0 	2
1507.0	4639.0 	2
4682.0	3698.0 	2
4549.0	2877.0 	2
3604.0	2068.0 	1
106.0	1230.0 	1
1637.0	998.0 	1
4304.0	1438.0 	1
1057.0	2588.0 	2
2236.0	3531.0 	2
2611.0	685.0 	1
3959.0	3252.0 	2
2903.0	3875.0 	2
1601.0	1549.0 	1
2655.0	1232.0 	1
487.0	1157.0 	1
4548.0	2751.0 	2
4728.0	4957.0 	2
4009.0	4143.0 	2
1558.0	3574.0 	2
4558.0	4767.0 	2
4607.0	3145.0 	2
1471.0	484.0 	1
1010.0	1904.0 	1
2643.0	66.0 	1
4957.0	2963.0 	2
98.0	2182.0 	1
501.0	1322.0 	1
711.0	4504.0 	2
3203.0	2314.0 	1
3108.0	441.0 	1
797.0	321.0 	1
2396.0	3204.0 	2
68.0	1051.0 	1
2838.0	2201.0 	1
2924.0	905.0 	1
3213.0	2319.0 	1
97.0	124.0 	1
3360.0	2279.0 	1
2479.0	3996.0 	2
1985.0	2901.0 	2
3313.0	1019.0 	1
607.0	2171.0 	1
2760.0	4437.0 	2
1545.0	735.0 	1
1334.0	4519.0 	2
460.0	940.0 	1
3850.0	401.0 	1
3129.0	838.0 	1
3399.0	619.0 	1
4075.0	722.0 	1
3665.0	1130.0 	1
2931.0	662.0 	1
1383.0	1237.0 	1
4246.0	4383.0 	2
4469.0	1963.0 	1
3136.0	4030.0 	2
1222.0	2775.0 	2
4883.0	4578.0 	2
2394.0	1923.0 	1
2944.0	1587.0 	1
2997.0	934.0 	1
2740.0	2078.0 	1
1382.0	3577.0 	2
1453.0	204.0 	1
1775.0	999.0 	1
2933.0	3960.0 	2
979.0	2073.0 	1
840.0	1788.0 	1
2624.0	3313.0 	2
4096.0	2629.0 	2
1963.0	3425.0 	2
1623.0	2325.0 	1
417.0	1693.0 	1
1754.0	948.0 	1
4317.0	2080.0 	1
1672.0	3521.0 	2
535.0	1402.0 	1
3890.0	2300.0 	1
1709.0	1990.0 	1
3146.0	2558.0 	2
121.0	3640.0 	2
2902.0	407.0 	1
2155.0	4880.0 	2
2471.0	1205.0 	1
2332.0	1962.0 	1
4733.0	1391.0 	1
2558.0	1695.0 	1
1340.0	3221.0 	2
1648.0	979.0 	1
1854.0	2364.0 	1
2685.0	3055.0 	2
886.0	4650.0 	2
3655.0	1032.0 	1
631.0	4930.0 	2
4247.0	4743.0 	2
1541.0	1056.0 	1
1346.0	1441.0 	1
4818.0	1354.0 	1
4206.0	1416.0 	1
1623.0	3308.0 	2
1078.0	1213.0 	1
1982.0	1825.0 	1
2786.0	1124.0 	1
3331.0	3916.0 	2
4427.0	977.0 	1
2517.0	1488.0 	1
1194.0	3315.0 	2
2619.0	4248.0 	2
3262.0	3848.0 	2
