2064.0	3170.0 	1
983.0	2843.0 	4
7.0	581.0 	3
13.0	1153.0 	3
2014.0	1396.0 	7
2169.0	3353.0 	1
1652.0	1299.0 	7
3439.0	3694.0 	6
2518.0	3311.0 	1
4835.0	407.0 	5
3539.0	2737.0 	1
4722.0	3041.0 	6
199.0	3104.0 	2
3.0	234.0 	3
3304.0	1102.0 	5
309.0	2746.0 	4
3694.0	1590.0 	5
103.0	2037.0 	4
987.0	4467.0 	2
4305.0	142.0 	5
3412.0	3207.0 	6
4614.0	2996.0 	6
1746.0	4524.0 	2
3813.0	3024.0 	6
1875.0	592.0 	7
703.0	3842.0 	2
2600.0	1983.0 	1
493.0	4667.0 	2
4665.0	443.0 	5
4695.0	4802.0 	6
4287.0	3899.0 	6
3662.0	1255.0 	5
1004.0	1874.0 	4
1547.0	1941.0 	4
3474.0	1632.0 	5
3143.0	76.0 	5
2401.0	1400.0 	7
2106.0	2476.0 	1
2681.0	2817.0 	1
4308.0	2269.0 	5
2156.0	3631.0 	1
3429.0	3072.0 	6
1494.0	975.0 	7
2737.0	1954.0 	1
3475.0	4502.0 	6
3248.0	777.0 	5
956.0	3997.0 	2
974.0	976.0 	3
2986.0	1806.0 	5
3760.0	1411.0 	5
1751.0	3858.0 	2
4172.0	4897.0 	6
3415.0	4953.0 	6
3841.0	3340.0 	6
3290.0	131.0 	5
380.0	2229.0 	4
4776.0	345.0 	5
2370.0	212.0 	7
2400.0	3732.0 	1
3062.0	4182.0 	6
1998.0	1234.0 	7
2458.0	3500.0 	1
1989.0	1131.0 	7
3799.0	627.0 	5
3236.0	4622.0 	6
1337.0	4307.0 	2
3047.0	1223.0 	5
1694.0	254.0 	7
3628.0	2026.0 	5
805.0	3205.0 	2
3880.0	2302.0 	5
4826.0	1202.0 	5
1462.0	2760.0 	1
4611.0	276.0 	5
489.0	3640.0 	2
1558.0	2579.0 	1
1833.0	940.0 	7
698.0	2972.0 	2
2812.0	2181.0 	1
409.0	2128.0 	4
2024.0	3379.0 	1
3625.0	3984.0 	6
3434.0	2052.0 	5
194.0	2711.0 	4
190.0	4473.0 	2
784.0	4059.0 	2
3067.0	3910.0 	6
480.0	1397.0 	4
2809.0	3507.0 	1
2986.0	2155.0 	1
4660.0	4483.0 	6
1666.0	3396.0 	2
3186.0	3988.0 	6
2051.0	2138.0 	1
36.0	4255.0 	2
2088.0	3881.0 	2
1708.0	3145.0 	1
4442.0	4946.0 	6
4489.0	3495.0 	6
3302.0	3141.0 	6
4388.0	4103.0 	6
4412.0	1698.0 	5
38.0	451.0 	3
1823.0	2727.0 	1
1352.0	3778.0 	2
2071.0	4380.0 	2
2536.0	691.0 	7
4685.0	1520.0 	5
3019.0	4693.0 	6
3215.0	537.0 	5
3656.0	54.0 	5
3836.0	1357.0 	5
2290.0	204.0 	7
603.0	3779.0 	2
522.0	3020.0 	2
3469.0	2543.0 	1
3707.0	1171.0 	5
4673.0	4122.0 	6
3142.0	2808.0 	1
937.0	2997.0 	2
895.0	3742.0 	2
4225.0	2507.0 	5
4557.0	1278.0 	5
4431.0	1021.0 	5
1414.0	3203.0 	2
2712.0	1142.0 	7
1865.0	1274.0 	7
2746.0	3471.0 	1
2501.0	2237.0 	1
900.0	2285.0 	4
4286.0	4100.0 	6
2302.0	2865.0 	1
4198.0	4733.0 	6
4073.0	1240.0 	5
4586.0	1848.0 	5
4768.0	643.0 	5
2825.0	1294.0 	7
1200.0	111.0 	3
2736.0	2154.0 	1
4866.0	3598.0 	6
2427.0	712.0 	7
3381.0	4285.0 	6
2361.0	726.0 	7
4025.0	103.0 	5
2657.0	1636.0 	7
359.0	1464.0 	4
951.0	3526.0 	2
2647.0	4706.0 	6
1352.0	111.0 	3
4395.0	3952.0 	6
4380.0	4313.0 	6
3313.0	4632.0 	6
3600.0	4383.0 	6
823.0	4792.0 	2
1718.0	4203.0 	2
637.0	2512.0 	4
3324.0	1862.0 	5
1086.0	658.0 	3
678.0	3958.0 	2
2233.0	826.0 	7
692.0	2857.0 	4
926.0	3627.0 	2
2924.0	3682.0 	6
4399.0	1167.0 	5
2057.0	520.0 	7
559.0	4942.0 	2
245.0	612.0 	3
2563.0	3676.0 	1
4919.0	1473.0 	5
2168.0	272.0 	7
2207.0	155.0 	7
119.0	300.0 	3
3488.0	834.0 	5
1546.0	2685.0 	1
3793.0	3232.0 	6
1859.0	2173.0 	1
655.0	3005.0 	2
2821.0	1117.0 	7
3298.0	1555.0 	5
3100.0	3342.0 	6
1643.0	337.0 	7
2939.0	1504.0 	5
4598.0	262.0 	5
483.0	3599.0 	2
2772.0	4952.0 	6
2114.0	4439.0 	2
4063.0	1471.0 	5
4718.0	2973.0 	6
4699.0	3547.0 	6
871.0	483.0 	3
612.0	3997.0 	2
123.0	4031.0 	2
3910.0	1835.0 	5
1623.0	243.0 	7
3733.0	253.0 	5
3345.0	1837.0 	5
4528.0	3273.0 	6
3326.0	1621.0 	5
4784.0	3848.0 	6
2.0	973.0 	3
2850.0	3395.0 	1
3484.0	2687.0 	1
3419.0	3272.0 	6
2226.0	2906.0 	1
2947.0	1934.0 	1
453.0	1088.0 	3
4997.0	1095.0 	5
444.0	1123.0 	3
3349.0	983.0 	5
3614.0	3442.0 	6
1160.0	4515.0 	2
4020.0	3483.0 	6
219.0	2488.0 	4
4045.0	2279.0 	5
3053.0	3194.0 	1
3459.0	370.0 	5
251.0	1230.0 	4
4489.0	4373.0 	6
1041.0	4951.0 	2
2801.0	2493.0 	1
2113.0	2023.0 	1
3370.0	3494.0 	6
167.0	3596.0 	2
3678.0	1306.0 	5
3393.0	1117.0 	5
3759.0	108.0 	5
4019.0	564.0 	5
3339.0	1899.0 	5
3202.0	3823.0 	6
4043.0	4313.0 	6
4727.0	3667.0 	6
4874.0	768.0 	5
309.0	2004.0 	4
3735.0	3166.0 	6
895.0	1011.0 	3
1668.0	2480.0 	1
634.0	1851.0 	4
2768.0	3132.0 	1
758.0	18.0 	3
521.0	1141.0 	3
3189.0	827.0 	5
3407.0	930.0 	5
4230.0	1910.0 	5
1420.0	4013.0 	2
2190.0	4249.0 	2
161.0	445.0 	3
149.0	1019.0 	3
3452.0	282.0 	5
3660.0	3101.0 	6
688.0	638.0 	3
3738.0	3438.0 	6
1766.0	3102.0 	1
2976.0	1225.0 	5
3431.0	4277.0 	6
2776.0	410.0 	7
3720.0	4643.0 	6
3720.0	317.0 	5
2439.0	1716.0 	7
1843.0	3425.0 	1
1164.0	3608.0 	2
1989.0	3524.0 	1
3252.0	4133.0 	6
3896.0	3763.0 	6
912.0	13.0 	3
1722.0	730.0 	7
4525.0	1650.0 	5
3931.0	4239.0 	6
65.0	4883.0 	2
4783.0	4284.0 	6
1230.0	1961.0 	4
3196.0	1528.0 	5
1129.0	4315.0 	2
505.0	2090.0 	4
3437.0	1530.0 	5
3235.0	4689.0 	6
497.0	1690.0 	4
1114.0	3937.0 	2
4969.0	563.0 	5
145.0	3183.0 	2
4891.0	3171.0 	6
3957.0	2241.0 	5
4425.0	3382.0 	6
2792.0	483.0 	7
1879.0	4896.0 	2
4464.0	3763.0 	6
2335.0	1552.0 	7
4549.0	845.0 	5
649.0	2110.0 	4
4536.0	2905.0 	6
1669.0	2145.0 	1
2602.0	291.0 	7
1820.0	1615.0 	7
984.0	562.0 	3
2402.0	3182.0 	1
4266.0	261.0 	5
4963.0	1517.0 	5
4657.0	532.0 	5
934.0	4800.0 	2
4808.0	3943.0 	6
4409.0	2948.0 	6
2264.0	4286.0 	2
4960.0	1970.0 	5
4003.0	3124.0 	6
779.0	2192.0 	4
1372.0	1990.0 	4
2019.0	3700.0 	1
4861.0	1551.0 	5
281.0	1515.0 	4
3957.0	3231.0 	6
2278.0	865.0 	7
674.0	3611.0 	2
3533.0	1248.0 	5
2234.0	616.0 	7
2833.0	1794.0 	1
472.0	751.0 	3
1874.0	4201.0 	2
611.0	3552.0 	2
4980.0	4258.0 	6
1655.0	961.0 	7
3098.0	1116.0 	5
87.0	4511.0 	2
36.0	453.0 	3
3816.0	1669.0 	5
3413.0	3553.0 	6
4642.0	1146.0 	5
3360.0	244.0 	5
3931.0	2584.0 	5
1500.0	4111.0 	2
4746.0	3514.0 	6
1861.0	4307.0 	2
99.0	1085.0 	3
3541.0	4125.0 	6
4817.0	1812.0 	5
4078.0	1328.0 	5
4619.0	1122.0 	5
1338.0	2802.0 	1
1877.0	1730.0 	7
4863.0	4689.0 	6
346.0	2116.0 	4
1504.0	2484.0 	1
1784.0	1945.0 	1
4219.0	2099.0 	5
4863.0	793.0 	5
422.0	570.0 	3
1297.0	1313.0 	7
4358.0	447.0 	5
3586.0	3044.0 	6
1072.0	1456.0 	4
4930.0	1569.0 	5
1395.0	364.0 	3
1968.0	3842.0 	2
1457.0	2283.0 	4
3716.0	3136.0 	6
562.0	854.0 	3
2712.0	4124.0 	6
1773.0	4480.0 	2
3814.0	4514.0 	6
888.0	3384.0 	2
3530.0	3431.0 	6
4590.0	2046.0 	5
2143.0	3704.0 	1
911.0	2570.0 	4
766.0	2412.0 	4
978.0	2849.0 	4
619.0	834.0 	3
3891.0	2761.0 	6
4218.0	3897.0 	6
4479.0	612.0 	5
1891.0	655.0 	7
2092.0	238.0 	7
1622.0	3699.0 	2
2027.0	2522.0 	1
238.0	4848.0 	2
1421.0	3574.0 	2
722.0	1651.0 	4
4588.0	880.0 	5
3484.0	292.0 	5
435.0	2393.0 	4
4031.0	2836.0 	6
1223.0	4022.0 	2
3155.0	1685.0 	5
3350.0	1452.0 	5
2508.0	3511.0 	1
2347.0	1618.0 	7
2920.0	1853.0 	1
2577.0	2365.0 	1
1942.0	858.0 	7
4033.0	4303.0 	6
2482.0	2885.0 	1
510.0	1802.0 	4
827.0	4675.0 	2
4152.0	193.0 	5
4014.0	2344.0 	5
495.0	3393.0 	2
2985.0	1209.0 	5
2274.0	1803.0 	7
1291.0	1954.0 	4
6.0	4910.0 	2
3059.0	4736.0 	6
2633.0	1267.0 	7
2796.0	3.0 	7
1534.0	3867.0 	2
1976.0	36.0 	7
267.0	1297.0 	4
1096.0	4182.0 	2
1366.0	2595.0 	1
3797.0	1774.0 	5
2793.0	2178.0 	1
3877.0	2676.0 	6
3229.0	312.0 	5
2706.0	52.0 	7
483.0	969.0 	3
542.0	4664.0 	2
3311.0	2654.0 	1
3880.0	3278.0 	6
4125.0	1591.0 	5
2420.0	2894.0 	1
4286.0	4660.0 	6
2700.0	4218.0 	6
1060.0	430.0 	3
2416.0	4004.0 	1
1744.0	4749.0 	2
3004.0	2694.0 	1
4030.0	4558.0 	6
2637.0	2237.0 	1
3570.0	1158.0 	5
1583.0	3386.0 	2
1480.0	2874.0 	1
2418.0	2094.0 	1
4412.0	2759.0 	6
596.0	713.0 	3
4834.0	2863.0 	6
2043.0	3316.0 	1
997.0	2746.0 	4
1916.0	1456.0 	7
1373.0	3188.0 	2
413.0	947.0 	3
3779.0	1813.0 	5
2914.0	2482.0 	1
2344.0	718.0 	7
4024.0	4497.0 	6
1761.0	40.0 	7
4221.0	4376.0 	6
4301.0	1102.0 	5
506.0	4480.0 	2
3627.0	1508.0 	5
244.0	2480.0 	4
2025.0	1245.0 	7
1019.0	3453.0 	2
1438.0	1505.0 	7
970.0	2411.0 	4
2267.0	2785.0 	1
748.0	2880.0 	4
4714.0	2814.0 	6
4222.0	3161.0 	6
1100.0	3774.0 	2
1500.0	936.0 	7
4619.0	1795.0 	5
2207.0	342.0 	7
535.0	3969.0 	2
1724.0	2298.0 	1
3697.0	202.0 	5
4880.0	4688.0 	6
2574.0	3199.0 	1
2329.0	3853.0 	1
3160.0	2115.0 	1
1686.0	2667.0 	1
819.0	3782.0 	2
719.0	1025.0 	3
3416.0	162.0 	5
4252.0	1396.0 	5
3947.0	4787.0 	6
4280.0	3418.0 	6
2182.0	505.0 	7
122.0	3723.0 	2
471.0	730.0 	3
3730.0	3829.0 	6
3916.0	2230.0 	5
3816.0	2946.0 	6
3889.0	1042.0 	5
326.0	1051.0 	3
719.0	826.0 	3
4343.0	2050.0 	5
2545.0	4378.0 	6
1833.0	2230.0 	1
4864.0	4975.0 	6
2935.0	279.0 	7
549.0	1071.0 	3
4400.0	3803.0 	6
2224.0	2016.0 	1
2910.0	1305.0 	7
2814.0	4784.0 	6
2650.0	2060.0 	1
3470.0	838.0 	5
3826.0	1631.0 	5
1935.0	1502.0 	7
1592.0	2386.0 	1
4357.0	1688.0 	5
333.0	1902.0 	4
800.0	1638.0 	4
168.0	546.0 	3
3132.0	1811.0 	5
3.0	2579.0 	4
4021.0	375.0 	5
4642.0	3700.0 	6
262.0	3616.0 	2
604.0	3894.0 	2
3921.0	151.0 	5
4293.0	358.0 	5
1671.0	1379.0 	7
2841.0	722.0 	7
1957.0	4372.0 	2
2433.0	29.0 	7
261.0	4397.0 	2
1347.0	2830.0 	1
2849.0	3404.0 	1
4588.0	742.0 	5
3040.0	4141.0 	6
1053.0	3315.0 	2
1391.0	263.0 	3
3460.0	4772.0 	6
3750.0	1043.0 	5
2276.0	1369.0 	7
2033.0	2717.0 	1
4792.0	2912.0 	6
4083.0	2318.0 	5
1922.0	3556.0 	1
4815.0	4826.0 	6
558.0	1156.0 	3
3965.0	4076.0 	6
2907.0	1643.0 	5
3367.0	4892.0 	6
4595.0	20.0 	5
1933.0	997.0 	7
4353.0	4829.0 	6
4530.0	1807.0 	5
1702.0	3757.0 	2
4541.0	3550.0 	6
3158.0	4128.0 	6
551.0	2884.0 	4
3141.0	145.0 	5
3481.0	417.0 	5
3092.0	322.0 	7
4836.0	4861.0 	6
3212.0	520.0 	5
2344.0	2684.0 	1
1705.0	2670.0 	1
4436.0	3083.0 	6
4577.0	583.0 	5
2365.0	877.0 	7
3110.0	2030.0 	1
2433.0	3449.0 	1
3534.0	3766.0 	6
819.0	208.0 	3
763.0	365.0 	3
1446.0	1310.0 	7
433.0	4404.0 	2
527.0	1228.0 	4
1177.0	2114.0 	4
2200.0	2033.0 	1
125.0	1122.0 	3
4100.0	62.0 	5
4344.0	2897.0 	6
1746.0	4714.0 	2
4853.0	4182.0 	6
1760.0	1680.0 	7
1779.0	54.0 	7
2105.0	168.0 	7
1957.0	577.0 	7
2127.0	4174.0 	2
3971.0	1751.0 	5
1058.0	3521.0 	2
3661.0	4830.0 	6
2704.0	114.0 	7
110.0	3474.0 	2
159.0	997.0 	3
888.0	2837.0 	4
1075.0	4457.0 	2
3081.0	828.0 	5
4495.0	4109.0 	6
3129.0	2385.0 	1
4642.0	1361.0 	5
7.0	862.0 	3
4916.0	4908.0 	6
1605.0	4178.0 	2
4344.0	874.0 	5
1869.0	4840.0 	2
236.0	2373.0 	4
274.0	1058.0 	3
1050.0	1886.0 	4
4139.0	631.0 	5
430.0	4319.0 	2
4488.0	296.0 	5
4137.0	221.0 	5
729.0	3796.0 	2
510.0	1481.0 	4
3016.0	4697.0 	6
1876.0	4430.0 	2
1218.0	3220.0 	2
4117.0	624.0 	5
1676.0	94.0 	7
1629.0	2937.0 	1
3158.0	4956.0 	6
4089.0	3408.0 	6
120.0	1950.0 	4
173.0	3600.0 	2
2534.0	867.0 	7
4293.0	2299.0 	5
4994.0	2790.0 	6
3319.0	2791.0 	1
2143.0	4575.0 	2
3155.0	1603.0 	5
3335.0	691.0 	5
2372.0	1820.0 	1
3958.0	2307.0 	5
4376.0	1853.0 	5
3283.0	4003.0 	6
884.0	221.0 	3
62.0	4939.0 	2
3520.0	3765.0 	6
720.0	3523.0 	2
4115.0	3413.0 	6
3174.0	3322.0 	6
3550.0	4867.0 	6
2584.0	983.0 	7
1174.0	881.0 	3
1292.0	4235.0 	2
3728.0	1279.0 	5
2135.0	795.0 	7
2491.0	1459.0 	7
126.0	2728.0 	4
3320.0	372.0 	5
371.0	3011.0 	2
4442.0	3546.0 	6
4290.0	1453.0 	5
2730.0	3496.0 	1
4010.0	1026.0 	5
2083.0	1289.0 	7
343.0	2745.0 	4
3453.0	547.0 	5
1416.0	3785.0 	2
3331.0	451.0 	5
1803.0	4787.0 	2
562.0	1306.0 	4
4031.0	4100.0 	6
3188.0	3475.0 	6
4509.0	3775.0 	6
3209.0	1357.0 	5
1278.0	3423.0 	2
4036.0	2883.0 	6
4813.0	2743.0 	6
2774.0	4965.0 	6
203.0	1913.0 	4
3697.0	92.0 	5
901.0	3614.0 	2
3970.0	2988.0 	6
2958.0	510.0 	7
1151.0	2622.0 	4
3334.0	1670.0 	5
4355.0	1657.0 	5
4572.0	475.0 	5
1920.0	4457.0 	2
4070.0	4137.0 	6
1346.0	3471.0 	2
311.0	1681.0 	4
1499.0	2733.0 	1
537.0	908.0 	3
47.0	1903.0 	4
4067.0	3821.0 	6
1103.0	1148.0 	3
3716.0	3899.0 	6
3269.0	4022.0 	6
467.0	436.0 	3
3538.0	3386.0 	6
47.0	175.0 	3
1058.0	3426.0 	2
4077.0	2212.0 	5
2692.0	2854.0 	1
3295.0	3906.0 	6
3330.0	4105.0 	6
1021.0	3962.0 	2
1946.0	1355.0 	7
768.0	3044.0 	2
17.0	117.0 	3
2240.0	1287.0 	7
4683.0	3639.0 	6
2005.0	2696.0 	1
93.0	3003.0 	4
4151.0	1106.0 	5
3388.0	248.0 	5
4659.0	172.0 	5
3087.0	1670.0 	5
2899.0	3089.0 	1
639.0	396.0 	3
699.0	553.0 	3
841.0	3509.0 	2
162.0	3123.0 	2
1864.0	4308.0 	2
3866.0	3825.0 	6
2856.0	3087.0 	1
3270.0	3584.0 	6
1046.0	717.0 	3
2874.0	1482.0 	7
828.0	1129.0 	3
4652.0	1347.0 	5
4779.0	875.0 	5
296.0	4109.0 	2
1880.0	292.0 	7
237.0	2521.0 	4
512.0	1325.0 	4
2022.0	4362.0 	2
2379.0	1554.0 	7
1161.0	4457.0 	2
2943.0	3213.0 	1
2214.0	2182.0 	1
2014.0	4821.0 	2
3753.0	534.0 	5
4110.0	1772.0 	5
2226.0	4881.0 	2
1901.0	1307.0 	7
1817.0	1608.0 	7
1945.0	4654.0 	2
2405.0	3333.0 	1
2564.0	2375.0 	1
3897.0	151.0 	5
1869.0	314.0 	7
444.0	472.0 	3
3317.0	1424.0 	5
3930.0	4957.0 	6
29.0	1934.0 	4
438.0	1109.0 	3
4524.0	2522.0 	5
4074.0	93.0 	5
549.0	1846.0 	4
3612.0	3063.0 	6
437.0	3546.0 	2
2526.0	937.0 	7
2272.0	3378.0 	1
4923.0	2515.0 	5
442.0	804.0 	3
1125.0	1234.0 	4
4126.0	3843.0 	6
105.0	1549.0 	4
4590.0	4962.0 	6
1134.0	4607.0 	2
911.0	2124.0 	4
350.0	4485.0 	2
2865.0	1952.0 	1
1129.0	1224.0 	4
4310.0	511.0 	5
2363.0	4093.0 	1
2638.0	1839.0 	1
4557.0	1142.0 	5
3241.0	1147.0 	5
3537.0	4046.0 	6
4473.0	3112.0 	6
4672.0	3035.0 	6
5.0	2110.0 	4
4671.0	3840.0 	6
853.0	1168.0 	3
2266.0	2491.0 	1
3457.0	3678.0 	6
2367.0	1423.0 	7
3673.0	1692.0 	5
4430.0	2983.0 	6
3923.0	1447.0 	5
4952.0	2061.0 	5
2643.0	1654.0 	7
3483.0	1150.0 	5
1486.0	2281.0 	4
3956.0	2484.0 	5
1809.0	1148.0 	7
2427.0	3363.0 	1
3078.0	1067.0 	5
2800.0	1245.0 	7
331.0	1837.0 	4
965.0	3538.0 	2
287.0	3822.0 	2
4729.0	1849.0 	5
1216.0	3365.0 	2
2847.0	1414.0 	7
386.0	2630.0 	4
4736.0	893.0 	5
1370.0	4930.0 	2
2699.0	1787.0 	1
831.0	4425.0 	2
3014.0	661.0 	7
1845.0	562.0 	7
2500.0	4822.0 	6
2253.0	4584.0 	2
3267.0	2322.0 	1
2204.0	4607.0 	2
1666.0	4236.0 	2
940.0	4715.0 	2
1947.0	2471.0 	1
1734.0	2461.0 	1
3003.0	2934.0 	1
4099.0	578.0 	5
4643.0	4823.0 	6
570.0	1919.0 	4
2709.0	3857.0 	6
3007.0	4307.0 	6
930.0	521.0 	3
1692.0	2835.0 	1
2002.0	2827.0 	1
2625.0	3632.0 	1
1241.0	2498.0 	4
3303.0	2547.0 	1
3359.0	3273.0 	6
621.0	2674.0 	4
2377.0	4213.0 	6
1204.0	1303.0 	4
3782.0	1706.0 	5
4044.0	883.0 	5
1628.0	2385.0 	1
2612.0	2677.0 	1
1175.0	394.0 	3
4967.0	603.0 	5
1908.0	1930.0 	1
4707.0	2460.0 	5
1063.0	3213.0 	2
4164.0	4390.0 	6
1863.0	4418.0 	2
1895.0	4399.0 	2
1239.0	3932.0 	2
2641.0	1079.0 	7
3448.0	1219.0 	5
4626.0	4907.0 	6
2307.0	3593.0 	1
4081.0	4223.0 	6
3204.0	4962.0 	6
2920.0	4026.0 	6
4020.0	4398.0 	6
4789.0	266.0 	5
3293.0	614.0 	5
1026.0	2813.0 	4
939.0	155.0 	3
3590.0	2783.0 	6
3956.0	2310.0 	5
3242.0	1657.0 	5
3081.0	2954.0 	1
2942.0	4748.0 	6
1552.0	147.0 	7
3420.0	589.0 	5
3308.0	3307.0 	6
2932.0	1280.0 	7
4951.0	3470.0 	6
2091.0	1902.0 	1
3701.0	4374.0 	6
4543.0	1552.0 	5
2439.0	2865.0 	1
2937.0	4334.0 	6
2434.0	175.0 	7
3868.0	2675.0 	6
4821.0	116.0 	5
1689.0	4437.0 	2
1699.0	974.0 	7
4147.0	1928.0 	5
4694.0	2663.0 	6
269.0	2233.0 	4
3110.0	1149.0 	5
3124.0	2685.0 	1
2177.0	2965.0 	1
2910.0	3528.0 	6
3829.0	686.0 	5
3399.0	1572.0 	5
3992.0	4824.0 	6
4282.0	2660.0 	6
268.0	2050.0 	4
437.0	1432.0 	4
4511.0	374.0 	5
3775.0	3767.0 	6
4469.0	1031.0 	5
3376.0	1306.0 	5
1030.0	4789.0 	2
34.0	3689.0 	2
3214.0	4912.0 	6
3516.0	2984.0 	6
765.0	3134.0 	2
709.0	33.0 	3
4506.0	257.0 	5
4025.0	4072.0 	6
3480.0	484.0 	5
1298.0	3191.0 	2
2129.0	2627.0 	1
4404.0	1821.0 	5
2565.0	1314.0 	7
2788.0	3477.0 	1
4800.0	643.0 	5
367.0	2290.0 	4
2790.0	3562.0 	1
903.0	3697.0 	2
2321.0	3282.0 	1
455.0	2207.0 	4
542.0	3145.0 	2
685.0	1202.0 	3
3749.0	1735.0 	5
1762.0	427.0 	7
4220.0	4590.0 	6
1842.0	685.0 	7
3151.0	4353.0 	6
4298.0	1588.0 	5
4875.0	806.0 	5
2690.0	4557.0 	6
2278.0	4467.0 	2
2439.0	4292.0 	6
2075.0	2121.0 	1
2274.0	3768.0 	1
4367.0	4496.0 	6
2381.0	2840.0 	1
307.0	4265.0 	2
3962.0	2351.0 	5
2355.0	829.0 	7
1637.0	2405.0 	1
3277.0	1766.0 	5
1597.0	3334.0 	2
209.0	4593.0 	2
85.0	3020.0 	4
2100.0	1049.0 	7
4715.0	2505.0 	5
4571.0	4803.0 	6
663.0	169.0 	3
3710.0	2409.0 	5
2746.0	1290.0 	7
1947.0	4244.0 	2
274.0	2128.0 	4
657.0	3102.0 	2
3339.0	408.0 	5
1572.0	933.0 	7
181.0	1687.0 	4
4897.0	234.0 	5
133.0	4710.0 	2
3738.0	3138.0 	6
3614.0	1322.0 	5
979.0	192.0 	3
1704.0	273.0 	7
4225.0	3952.0 	6
4308.0	4941.0 	6
1223.0	1665.0 	4
836.0	1636.0 	4
837.0	3550.0 	2
307.0	3172.0 	2
488.0	4883.0 	2
1619.0	391.0 	7
1766.0	950.0 	7
2450.0	3837.0 	1
395.0	3486.0 	2
683.0	3886.0 	2
1240.0	4192.0 	2
4794.0	3069.0 	6
2080.0	4677.0 	2
1070.0	3689.0 	2
3896.0	1279.0 	5
3898.0	2170.0 	5
1293.0	723.0 	3
1224.0	2856.0 	2
704.0	3063.0 	2
486.0	39.0 	3
444.0	3684.0 	2
608.0	2632.0 	4
1824.0	4226.0 	2
1405.0	160.0 	3
4731.0	4388.0 	6
1557.0	2750.0 	1
3757.0	2937.0 	6
3895.0	4293.0 	6
2849.0	2827.0 	1
4784.0	2622.0 	5
4998.0	1167.0 	5
2309.0	2580.0 	1
463.0	3265.0 	2
763.0	1463.0 	4
4118.0	2355.0 	5
2691.0	505.0 	7
808.0	437.0 	3
2578.0	2505.0 	1
638.0	4878.0 	2
1606.0	940.0 	7
4838.0	3904.0 	6
4700.0	4689.0 	6
3188.0	2961.0 	1
4690.0	3128.0 	6
2793.0	1524.0 	7
4658.0	3279.0 	6
2565.0	4569.0 	6
2844.0	224.0 	7
3756.0	2510.0 	5
2424.0	687.0 	7
2160.0	4663.0 	2
134.0	3986.0 	2
4166.0	736.0 	5
2692.0	2378.0 	1
4400.0	3628.0 	6
603.0	1552.0 	4
1089.0	471.0 	3
2658.0	4396.0 	6
2116.0	1690.0 	7
2783.0	945.0 	7
3757.0	1749.0 	5
2525.0	4829.0 	6
1003.0	1698.0 	4
2921.0	3858.0 	6
986.0	4815.0 	2
3696.0	1280.0 	5
3801.0	2711.0 	6
3569.0	2886.0 	6
4829.0	4370.0 	6
166.0	4976.0 	2
4367.0	2300.0 	5
4716.0	3449.0 	6
1198.0	2018.0 	4
52.0	3643.0 	2
4816.0	2209.0 	5
2457.0	168.0 	7
753.0	3514.0 	2
3623.0	4108.0 	6
3549.0	316.0 	5
2468.0	2360.0 	1
4229.0	1146.0 	5
285.0	497.0 	3
291.0	4458.0 	2
1143.0	1511.0 	4
1834.0	2156.0 	1
4005.0	4306.0 	6
4319.0	15.0 	5
2603.0	4741.0 	6
1892.0	4005.0 	2
1230.0	3853.0 	2
4327.0	1243.0 	5
4122.0	4547.0 	6
4981.0	1599.0 	5
1511.0	841.0 	7
3906.0	4219.0 	6
3408.0	381.0 	5
1558.0	3217.0 	1
4936.0	1344.0 	5
3658.0	974.0 	5
1491.0	313.0 	7
490.0	108.0 	3
3064.0	2824.0 	1
2154.0	677.0 	7
1856.0	4475.0 	2
4607.0	2910.0 	6
158.0	2664.0 	4
4143.0	708.0 	5
3155.0	3105.0 	1
4755.0	417.0 	5
2568.0	3598.0 	1
908.0	2936.0 	2
2379.0	1768.0 	7
408.0	4068.0 	2
1754.0	4997.0 	2
253.0	1582.0 	4
2309.0	710.0 	7
1204.0	312.0 	3
809.0	2859.0 	4
620.0	1406.0 	4
4822.0	3007.0 	6
3292.0	4944.0 	6
462.0	4250.0 	2
1361.0	190.0 	3
3945.0	4601.0 	6
4403.0	3778.0 	6
1085.0	3305.0 	2
2486.0	1552.0 	7
331.0	1872.0 	4
1255.0	2538.0 	4
3323.0	38.0 	5
2125.0	300.0 	7
3792.0	3847.0 	6
2870.0	4613.0 	6
3860.0	3890.0 	6
4198.0	3859.0 	6
2356.0	2763.0 	1
1603.0	1862.0 	4
885.0	320.0 	3
497.0	2659.0 	4
3159.0	94.0 	5
1884.0	1630.0 	7
3334.0	1956.0 	5
131.0	871.0 	3
3246.0	1697.0 	5
1454.0	598.0 	7
1579.0	4472.0 	2
3691.0	113.0 	5
81.0	1586.0 	4
722.0	2465.0 	4
637.0	2421.0 	4
1314.0	2637.0 	4
503.0	4160.0 	2
1095.0	657.0 	3
3822.0	4269.0 	6
3285.0	4168.0 	6
2984.0	1352.0 	5
4316.0	1697.0 	5
4837.0	1806.0 	5
1668.0	2073.0 	1
4694.0	413.0 	5
1328.0	1190.0 	7
704.0	3985.0 	2
1678.0	3990.0 	2
1941.0	2747.0 	1
3915.0	3882.0 	6
151.0	1628.0 	4
227.0	1869.0 	4
953.0	4809.0 	2
3976.0	3695.0 	6
3686.0	2574.0 	5
3477.0	1193.0 	5
1894.0	4644.0 	2
1970.0	4815.0 	2
2627.0	4065.0 	6
3845.0	4332.0 	6
1888.0	3482.0 	1
1994.0	4050.0 	2
1329.0	3837.0 	2
4935.0	3918.0 	6
2344.0	4342.0 	2
4381.0	1070.0 	5
21.0	1832.0 	4
2926.0	2093.0 	1
2135.0	4851.0 	2
1134.0	1116.0 	3
3621.0	2206.0 	5
4199.0	4623.0 	6
2943.0	3294.0 	1
2545.0	137.0 	7
4679.0	593.0 	5
760.0	2275.0 	4
4194.0	402.0 	5
4796.0	4186.0 	6
1828.0	1900.0 	7
1455.0	66.0 	3
1641.0	396.0 	7
1592.0	1068.0 	7
646.0	1472.0 	4
2446.0	3374.0 	1
3488.0	3029.0 	6
1616.0	2494.0 	1
2837.0	3733.0 	6
4619.0	3939.0 	6
3219.0	1439.0 	5
4901.0	2870.0 	6
1201.0	2066.0 	4
55.0	2887.0 	4
728.0	1203.0 	3
3933.0	4882.0 	6
4438.0	4030.0 	6
1815.0	2243.0 	1
2427.0	1158.0 	7
3592.0	1418.0 	5
3643.0	2041.0 	5
3262.0	4839.0 	6
3012.0	3535.0 	6
3655.0	1558.0 	5
2860.0	3217.0 	1
4972.0	2700.0 	6
3352.0	4244.0 	6
201.0	2823.0 	4
476.0	4389.0 	2
1736.0	4116.0 	2
3084.0	1658.0 	5
441.0	3827.0 	2
4536.0	1439.0 	5
4690.0	3575.0 	6
1736.0	4628.0 	2
2430.0	2952.0 	1
3069.0	2309.0 	1
4284.0	2571.0 	5
2685.0	4448.0 	6
1889.0	4247.0 	2
1171.0	2504.0 	4
999.0	89.0 	3
1932.0	2613.0 	1
1766.0	3384.0 	1
1692.0	2402.0 	1
4639.0	1292.0 	5
2304.0	1426.0 	7
2589.0	1890.0 	1
2219.0	55.0 	7
2709.0	2314.0 	1
255.0	974.0 	3
1401.0	928.0 	7
2575.0	3648.0 	1
2419.0	1733.0 	7
873.0	4135.0 	2
2379.0	3897.0 	1
4663.0	3090.0 	6
2268.0	1603.0 	7
814.0	2641.0 	4
4736.0	4254.0 	6
1493.0	271.0 	7
3645.0	4830.0 	6
3435.0	395.0 	5
1657.0	2530.0 	1
669.0	3386.0 	2
4209.0	1601.0 	5
4178.0	18.0 	5
3202.0	2143.0 	1
4229.0	3401.0 	6
3363.0	3886.0 	6
114.0	623.0 	3
3801.0	916.0 	5
4047.0	134.0 	5
3811.0	4315.0 	6
3717.0	3031.0 	6
4596.0	60.0 	5
3216.0	4992.0 	6
1179.0	1698.0 	4
494.0	1677.0 	4
3026.0	4918.0 	6
3493.0	4914.0 	6
1653.0	4251.0 	2
4557.0	2027.0 	5
2315.0	4968.0 	2
1518.0	2825.0 	1
1037.0	2115.0 	4
856.0	4397.0 	2
164.0	2062.0 	4
316.0	64.0 	3
4747.0	4749.0 	6
3740.0	4032.0 	6
1849.0	1241.0 	7
2345.0	1497.0 	7
2883.0	2173.0 	1
2623.0	2302.0 	1
3817.0	3060.0 	6
622.0	1997.0 	4
1213.0	3942.0 	2
2940.0	1801.0 	1
4764.0	4241.0 	6
2133.0	3937.0 	2
2676.0	975.0 	7
331.0	1995.0 	4
600.0	1793.0 	4
881.0	3251.0 	2
3137.0	453.0 	5
3994.0	1764.0 	5
361.0	543.0 	3
4864.0	697.0 	5
3504.0	623.0 	5
2021.0	3118.0 	1
3303.0	4076.0 	6
2817.0	3003.0 	1
4731.0	3938.0 	6
3315.0	133.0 	5
2531.0	4466.0 	6
1847.0	912.0 	7
1146.0	4209.0 	2
3408.0	806.0 	5
1370.0	3374.0 	2
1304.0	2586.0 	4
636.0	1379.0 	4
4300.0	1051.0 	5
38.0	1707.0 	4
2582.0	420.0 	7
146.0	3821.0 	2
1656.0	2032.0 	1
3163.0	3375.0 	6
3917.0	1985.0 	5
1532.0	1768.0 	4
1975.0	412.0 	7
436.0	4666.0 	2
4007.0	4116.0 	6
4336.0	4983.0 	6
2914.0	1458.0 	7
749.0	4454.0 	2
723.0	4617.0 	2
2559.0	4924.0 	6
1726.0	3095.0 	1
3862.0	4530.0 	6
4267.0	3580.0 	6
2341.0	1441.0 	7
4734.0	3980.0 	6
1614.0	3169.0 	1
709.0	4891.0 	2
2971.0	3282.0 	1
1397.0	4414.0 	2
2116.0	1110.0 	7
4139.0	517.0 	5
41.0	4942.0 	2
2931.0	288.0 	7
4932.0	1350.0 	5
635.0	2401.0 	4
3790.0	4470.0 	6
1337.0	4492.0 	2
4370.0	1081.0 	5
2853.0	3763.0 	6
1711.0	3746.0 	2
4555.0	2922.0 	6
3793.0	4684.0 	6
2945.0	2126.0 	1
2315.0	848.0 	7
4615.0	4538.0 	6
3953.0	4864.0 	6
1005.0	1642.0 	4
4173.0	252.0 	5
1358.0	4985.0 	2
1101.0	3699.0 	2
2115.0	1465.0 	7
3214.0	1032.0 	5
1039.0	1114.0 	3
1269.0	693.0 	3
1961.0	400.0 	7
4709.0	502.0 	5
3598.0	2748.0 	6
231.0	112.0 	3
4304.0	2151.0 	5
3478.0	4489.0 	6
1169.0	891.0 	3
4358.0	3103.0 	6
4030.0	2954.0 	6
4099.0	3795.0 	6
3925.0	997.0 	5
2010.0	4382.0 	2
1702.0	3880.0 	2
2320.0	2826.0 	1
3228.0	2771.0 	1
1227.0	974.0 	7
2871.0	3033.0 	1
2507.0	4860.0 	6
2832.0	317.0 	7
2242.0	4425.0 	2
3764.0	4328.0 	6
4347.0	2551.0 	5
2542.0	763.0 	7
3071.0	1097.0 	5
3489.0	363.0 	5
3900.0	3877.0 	6
2874.0	903.0 	7
2947.0	4094.0 	6
4832.0	4635.0 	6
3591.0	3043.0 	6
3627.0	3431.0 	6
4605.0	3379.0 	6
2626.0	1794.0 	1
3107.0	4828.0 	6
4186.0	1219.0 	5
2114.0	1440.0 	7
157.0	1771.0 	4
97.0	3569.0 	2
3088.0	1196.0 	5
3742.0	4177.0 	6
3769.0	1597.0 	5
2721.0	3149.0 	1
4114.0	4511.0 	6
2349.0	3558.0 	1
2677.0	719.0 	7
4898.0	146.0 	5
3649.0	4893.0 	6
4321.0	2759.0 	6
3477.0	752.0 	5
3667.0	3481.0 	6
3553.0	2252.0 	5
4022.0	3056.0 	6
4022.0	1667.0 	5
1833.0	4388.0 	2
591.0	2184.0 	4
1978.0	3951.0 	2
1860.0	1644.0 	7
223.0	4520.0 	2
4754.0	1747.0 	5
2231.0	580.0 	7
1454.0	3122.0 	2
450.0	3917.0 	2
411.0	3223.0 	2
1356.0	682.0 	7
3368.0	4259.0 	6
1272.0	3397.0 	2
79.0	4739.0 	2
4082.0	3905.0 	6
3118.0	4883.0 	6
2404.0	4075.0 	1
601.0	473.0 	3
914.0	4127.0 	2
3137.0	1417.0 	5
977.0	57.0 	3
204.0	2270.0 	4
506.0	685.0 	3
957.0	4489.0 	2
4694.0	1693.0 	5
2120.0	1581.0 	7
2.0	4766.0 	2
2108.0	2728.0 	1
20.0	152.0 	3
242.0	1560.0 	4
2043.0	1760.0 	7
3223.0	505.0 	5
3839.0	4583.0 	6
4556.0	1239.0 	5
4114.0	4176.0 	6
3972.0	2199.0 	5
1581.0	1259.0 	7
4137.0	936.0 	5
702.0	390.0 	3
2099.0	957.0 	7
4896.0	3671.0 	6
18.0	4386.0 	2
2591.0	4343.0 	6
1510.0	2598.0 	1
1340.0	3055.0 	2
3557.0	2097.0 	5
1850.0	981.0 	7
1412.0	1967.0 	4
447.0	1271.0 	4
3109.0	2242.0 	1
1121.0	3478.0 	2
1876.0	4173.0 	2
3666.0	4399.0 	6
2000.0	2013.0 	1
2080.0	4568.0 	2
4637.0	1993.0 	5
1745.0	1036.0 	7
2251.0	325.0 	7
2872.0	4090.0 	6
3165.0	4474.0 	6
3037.0	832.0 	5
760.0	777.0 	3
3096.0	2702.0 	1
2410.0	4094.0 	1
417.0	5.0 	3
561.0	4879.0 	2
3498.0	3325.0 	6
1187.0	4904.0 	2
1000.0	3529.0 	2
495.0	3734.0 	2
142.0	364.0 	3
1253.0	3786.0 	2
2590.0	4227.0 	6
1528.0	1281.0 	7
4659.0	2189.0 	5
454.0	3744.0 	2
4551.0	1868.0 	5
3358.0	1194.0 	5
2054.0	1029.0 	7
1410.0	3727.0 	2
1581.0	4129.0 	2
631.0	2158.0 	4
1755.0	4922.0 	2
2599.0	200.0 	7
2762.0	1090.0 	7
4941.0	2782.0 	6
2652.0	3429.0 	1
4463.0	613.0 	5
4883.0	2219.0 	5
490.0	4352.0 	2
1867.0	354.0 	7
3633.0	3649.0 	6
4809.0	3803.0 	6
1135.0	966.0 	3
2053.0	1773.0 	7
1696.0	4423.0 	2
1033.0	4888.0 	2
3088.0	3644.0 	6
1606.0	416.0 	7
82.0	4882.0 	2
2794.0	3607.0 	1
1525.0	3505.0 	2
1179.0	2708.0 	4
1892.0	2356.0 	1
3947.0	320.0 	5
4699.0	2811.0 	6
192.0	754.0 	3
3895.0	4347.0 	6
2361.0	3186.0 	1
4639.0	3711.0 	6
1653.0	2057.0 	1
3537.0	104.0 	5
2234.0	90.0 	7
2954.0	1890.0 	1
3481.0	300.0 	5
2896.0	3807.0 	6
4605.0	262.0 	5
4703.0	1144.0 	5
997.0	604.0 	3
236.0	2100.0 	4
4287.0	2264.0 	5
2038.0	3244.0 	1
1833.0	3116.0 	1
956.0	2975.0 	2
3885.0	3477.0 	6
4850.0	3739.0 	6
2392.0	4214.0 	6
693.0	1964.0 	4
2370.0	3815.0 	1
3228.0	3265.0 	6
4981.0	1779.0 	5
136.0	4917.0 	2
90.0	597.0 	3
701.0	3261.0 	2
2327.0	2046.0 	1
4898.0	4577.0 	6
455.0	1916.0 	4
2872.0	1293.0 	7
4078.0	2346.0 	5
1077.0	3850.0 	2
4868.0	4476.0 	6
4747.0	1348.0 	5
62.0	3145.0 	2
3691.0	1327.0 	5
1845.0	2697.0 	1
2107.0	3261.0 	1
2453.0	2125.0 	1
930.0	4860.0 	2
2502.0	4059.0 	6
2984.0	1187.0 	5
4199.0	963.0 	5
3952.0	3768.0 	6
1140.0	493.0 	3
4461.0	3537.0 	6
4557.0	343.0 	5
4200.0	4821.0 	6
3869.0	2873.0 	6
2701.0	2351.0 	1
3369.0	1174.0 	5
3027.0	4725.0 	6
4959.0	1554.0 	5
4008.0	4000.0 	6
4469.0	462.0 	5
985.0	4819.0 	2
3973.0	1763.0 	5
2195.0	1346.0 	7
1383.0	4527.0 	2
866.0	1317.0 	4
4131.0	4443.0 	6
2698.0	1393.0 	7
4656.0	2897.0 	6
3142.0	4785.0 	6
3862.0	4625.0 	6
1305.0	179.0 	3
3122.0	2585.0 	1
412.0	1785.0 	4
699.0	1566.0 	4
4154.0	1392.0 	5
1503.0	1279.0 	7
2146.0	761.0 	7
2495.0	1284.0 	7
3879.0	4861.0 	6
332.0	966.0 	3
2375.0	105.0 	7
1945.0	3519.0 	1
2745.0	2124.0 	1
3329.0	2759.0 	1
34.0	4092.0 	2
403.0	3582.0 	2
1424.0	1797.0 	4
1114.0	4570.0 	2
4708.0	3629.0 	6
1828.0	2501.0 	1
4745.0	3546.0 	6
2049.0	1519.0 	7
4966.0	418.0 	5
119.0	4514.0 	2
2298.0	2351.0 	1
3527.0	3411.0 	6
4262.0	737.0 	5
2355.0	2496.0 	1
3481.0	2736.0 	1
2771.0	3529.0 	1
4281.0	2215.0 	5
3995.0	3199.0 	6
1055.0	1255.0 	4
3124.0	2533.0 	1
479.0	378.0 	3
4147.0	744.0 	5
4395.0	1508.0 	5
146.0	2189.0 	4
954.0	3736.0 	2
1310.0	1010.0 	7
2458.0	3073.0 	1
3567.0	355.0 	5
378.0	593.0 	3
975.0	3834.0 	2
4709.0	983.0 	5
1886.0	4422.0 	2
4150.0	1692.0 	5
2516.0	1410.0 	7
2858.0	2568.0 	1
4418.0	3489.0 	6
2962.0	2321.0 	1
777.0	1990.0 	4
4244.0	3297.0 	6
4549.0	2424.0 	5
2888.0	2304.0 	1
4500.0	2258.0 	5
4575.0	700.0 	5
4663.0	2523.0 	5
4562.0	1109.0 	5
4411.0	1941.0 	5
4840.0	1699.0 	5
4273.0	3503.0 	6
360.0	3441.0 	2
3090.0	1117.0 	5
3118.0	2198.0 	1
3199.0	1403.0 	5
2374.0	820.0 	7
916.0	4915.0 	2
3262.0	254.0 	5
581.0	2523.0 	4
2967.0	3242.0 	1
2370.0	4234.0 	6
3514.0	1730.0 	5
845.0	751.0 	3
3303.0	435.0 	5
2432.0	4688.0 	6
937.0	3333.0 	2
3217.0	1682.0 	5
1399.0	371.0 	3
2808.0	40.0 	7
1955.0	2755.0 	1
3611.0	515.0 	5
4641.0	3914.0 	6
4414.0	1173.0 	5
1817.0	2913.0 	1
2321.0	2134.0 	1
561.0	1443.0 	4
2569.0	2969.0 	1
4184.0	1986.0 	5
4050.0	1114.0 	5
784.0	775.0 	3
2204.0	3269.0 	1
4184.0	1736.0 	5
649.0	1827.0 	4
3242.0	1024.0 	5
4003.0	2918.0 	6
4743.0	1741.0 	5
1599.0	3731.0 	2
1905.0	4216.0 	2
963.0	2725.0 	4
3805.0	605.0 	5
2343.0	2026.0 	1
2476.0	1451.0 	7
2804.0	2401.0 	1
2111.0	3004.0 	1
4145.0	2191.0 	5
666.0	2491.0 	4
584.0	489.0 	3
1458.0	745.0 	7
3607.0	3774.0 	6
2338.0	3219.0 	1
4056.0	1962.0 	5
4318.0	312.0 	5
4622.0	1271.0 	5
4207.0	2280.0 	5
1312.0	2891.0 	1
831.0	2994.0 	2
459.0	1419.0 	4
785.0	4410.0 	2
1205.0	1493.0 	4
310.0	2892.0 	4
1240.0	4299.0 	2
2159.0	685.0 	7
287.0	3818.0 	2
2217.0	4523.0 	2
2131.0	1962.0 	1
4287.0	1534.0 	5
199.0	1190.0 	3
2499.0	1035.0 	7
3187.0	845.0 	5
828.0	4999.0 	2
3531.0	4956.0 	6
1165.0	13.0 	3
3426.0	1502.0 	5
1312.0	3774.0 	2
4555.0	40.0 	5
4699.0	2453.0 	5
2411.0	4632.0 	6
2830.0	4482.0 	6
3151.0	4994.0 	6
1524.0	3851.0 	2
1949.0	2810.0 	1
1371.0	2469.0 	4
1445.0	323.0 	7
3942.0	4732.0 	6
3018.0	1969.0 	1
1076.0	4187.0 	2
22.0	3059.0 	2
420.0	2853.0 	4
2624.0	1815.0 	1
2486.0	1291.0 	7
1063.0	601.0 	3
730.0	2437.0 	4
3060.0	4942.0 	6
3179.0	3710.0 	6
2479.0	4912.0 	6
823.0	1208.0 	4
4376.0	4682.0 	6
4790.0	4894.0 	6
1087.0	1270.0 	4
600.0	3361.0 	2
2921.0	3715.0 	6
1695.0	1243.0 	7
2581.0	4398.0 	6
2500.0	2475.0 	1
1650.0	4100.0 	2
812.0	4214.0 	2
1932.0	3715.0 	2
3837.0	3581.0 	6
4517.0	1126.0 	5
220.0	408.0 	3
223.0	3459.0 	2
2733.0	4659.0 	6
763.0	4016.0 	2
3150.0	2108.0 	1
130.0	2788.0 	4
2356.0	1433.0 	7
2208.0	3883.0 	1
4386.0	2268.0 	5
472.0	4820.0 	2
2374.0	3049.0 	1
66.0	1599.0 	4
1357.0	1868.0 	4
706.0	816.0 	3
3735.0	4033.0 	6
1771.0	1815.0 	7
861.0	3351.0 	2
4067.0	404.0 	5
4788.0	1349.0 	5
1696.0	489.0 	7
1801.0	2902.0 	1
2662.0	3176.0 	1
2392.0	3280.0 	1
768.0	97.0 	3
310.0	817.0 	3
1482.0	2625.0 	1
4210.0	3530.0 	6
148.0	379.0 	3
2701.0	143.0 	7
4478.0	782.0 	5
1072.0	4534.0 	2
3124.0	1807.0 	5
1443.0	3429.0 	2
4599.0	1237.0 	5
3615.0	2051.0 	5
4971.0	2938.0 	6
1851.0	3779.0 	2
601.0	3831.0 	2
1915.0	2876.0 	1
1278.0	3706.0 	2
2134.0	2523.0 	1
4374.0	3735.0 	6
3592.0	1422.0 	5
354.0	984.0 	3
4230.0	4372.0 	6
900.0	1632.0 	4
4259.0	2089.0 	5
1076.0	1076.0 	3
4016.0	3002.0 	6
3476.0	2632.0 	1
883.0	1057.0 	3
3501.0	2870.0 	6
3020.0	4836.0 	6
3198.0	4442.0 	6
3732.0	3031.0 	6
506.0	4060.0 	2
1937.0	2573.0 	1
2818.0	2116.0 	1
1203.0	1383.0 	4
3896.0	2299.0 	5
198.0	4444.0 	2
3502.0	4865.0 	6
2523.0	3055.0 	1
1244.0	58.0 	3
1997.0	815.0 	7
51.0	2017.0 	4
3196.0	4040.0 	6
3973.0	2311.0 	5
3269.0	4117.0 	6
3295.0	2906.0 	1
2763.0	4812.0 	6
2605.0	2148.0 	1
2938.0	3754.0 	6
3305.0	4475.0 	6
4231.0	4638.0 	6
3419.0	2290.0 	5
1179.0	1633.0 	4
4963.0	2518.0 	5
4340.0	3233.0 	6
645.0	869.0 	3
1024.0	3245.0 	2
620.0	2624.0 	4
1301.0	1914.0 	4
539.0	48.0 	3
1676.0	3953.0 	2
2369.0	1977.0 	1
4606.0	1209.0 	5
3840.0	340.0 	5
3560.0	584.0 	5
324.0	3640.0 	2
1238.0	4429.0 	2
4731.0	1042.0 	5
3430.0	4676.0 	6
575.0	3013.0 	2
2017.0	2723.0 	1
2789.0	4665.0 	6
3736.0	1734.0 	5
2776.0	360.0 	7
1425.0	4119.0 	2
1840.0	2216.0 	1
4561.0	474.0 	5
1926.0	860.0 	7
3041.0	3472.0 	6
2719.0	176.0 	7
4380.0	4741.0 	6
738.0	4311.0 	2
3379.0	544.0 	5
3667.0	4568.0 	6
2008.0	3360.0 	1
720.0	529.0 	3
579.0	15.0 	3
2478.0	596.0 	7
4317.0	427.0 	5
24.0	2221.0 	4
2795.0	394.0 	7
2257.0	2733.0 	1
607.0	3372.0 	2
2773.0	651.0 	7
4719.0	1696.0 	5
3588.0	4533.0 	6
2359.0	4410.0 	6
3253.0	4793.0 	6
1813.0	671.0 	7
4429.0	4437.0 	6
2237.0	3273.0 	1
2511.0	4103.0 	6
3761.0	1969.0 	5
891.0	2619.0 	4
2538.0	3990.0 	6
2225.0	3443.0 	1
519.0	3173.0 	2
3228.0	4937.0 	6
2654.0	2101.0 	1
1975.0	1453.0 	7
519.0	157.0 	3
3229.0	2881.0 	1
846.0	1369.0 	4
1121.0	3038.0 	2
4777.0	1407.0 	5
4252.0	3660.0 	6
4633.0	1141.0 	5
981.0	4341.0 	2
3792.0	4660.0 	6
1379.0	2795.0 	1
4323.0	4720.0 	6
2301.0	60.0 	7
2346.0	4876.0 	2
2393.0	938.0 	7
4335.0	1805.0 	5
120.0	2685.0 	4
4202.0	2894.0 	6
3206.0	761.0 	5
1149.0	1135.0 	3
4126.0	2237.0 	5
1716.0	1277.0 	7
1476.0	4311.0 	2
1793.0	133.0 	7
2394.0	3924.0 	1
1568.0	4934.0 	2
1248.0	4015.0 	2
1792.0	3417.0 	1
549.0	687.0 	3
3138.0	4720.0 	6
841.0	4214.0 	2
4379.0	4640.0 	6
3196.0	1976.0 	5
3259.0	1479.0 	5
4760.0	3009.0 	6
1439.0	679.0 	7
3666.0	707.0 	5
3300.0	4841.0 	6
3282.0	3970.0 	6
4343.0	4054.0 	6
1704.0	425.0 	7
4309.0	2043.0 	5
3749.0	396.0 	5
4729.0	2583.0 	5
1516.0	4632.0 	2
859.0	2882.0 	4
4859.0	1111.0 	5
245.0	1783.0 	4
798.0	2149.0 	4
1154.0	4238.0 	2
551.0	2831.0 	4
2453.0	2663.0 	1
4530.0	2502.0 	5
3987.0	4611.0 	6
118.0	3178.0 	2
3051.0	741.0 	5
2209.0	1178.0 	7
4955.0	4776.0 	6
2367.0	3432.0 	1
2939.0	4695.0 	6
45.0	2342.0 	4
3638.0	2961.0 	6
4977.0	174.0 	5
953.0	1901.0 	4
1874.0	629.0 	7
759.0	3667.0 	2
911.0	4224.0 	2
3205.0	3862.0 	6
2758.0	4813.0 	6
1920.0	2252.0 	1
1026.0	390.0 	3
4338.0	1245.0 	5
3079.0	529.0 	5
2595.0	973.0 	7
3146.0	3726.0 	6
51.0	4509.0 	2
2590.0	734.0 	7
4921.0	1902.0 	5
4936.0	3639.0 	6
1872.0	4990.0 	2
2079.0	3188.0 	1
3729.0	161.0 	5
1979.0	3107.0 	1
1867.0	2263.0 	1
3432.0	2757.0 	1
1220.0	730.0 	3
1729.0	1917.0 	7
3222.0	4400.0 	6
2623.0	1640.0 	7
1058.0	3432.0 	2
2351.0	1696.0 	7
4556.0	2276.0 	5
4347.0	41.0 	5
2570.0	4283.0 	6
615.0	2248.0 	4
3988.0	2369.0 	5
476.0	4564.0 	2
1999.0	4091.0 	2
2819.0	4438.0 	6
1104.0	3096.0 	2
2296.0	4300.0 	2
519.0	3129.0 	2
1293.0	3967.0 	2
1212.0	4352.0 	2
1771.0	1868.0 	7
342.0	2270.0 	4
2114.0	800.0 	7
2740.0	2764.0 	1
1039.0	1089.0 	3
3735.0	4127.0 	6
3916.0	1182.0 	5
2701.0	3914.0 	6
967.0	2568.0 	4
3431.0	1843.0 	5
4232.0	3204.0 	6
960.0	4229.0 	2
3120.0	771.0 	5
4052.0	1596.0 	5
2236.0	4469.0 	2
531.0	2550.0 	4
3875.0	4039.0 	6
2298.0	3896.0 	1
4371.0	2361.0 	5
2492.0	1951.0 	1
2795.0	2255.0 	1
981.0	1335.0 	4
2442.0	2081.0 	1
3723.0	3957.0 	6
3616.0	2284.0 	5
2761.0	261.0 	7
4793.0	4119.0 	6
1680.0	3246.0 	1
2520.0	3395.0 	1
4334.0	1254.0 	5
215.0	2774.0 	4
3108.0	69.0 	7
4228.0	4136.0 	6
3804.0	1441.0 	5
4884.0	749.0 	5
2625.0	1280.0 	7
2069.0	652.0 	7
4467.0	3512.0 	6
4729.0	3133.0 	6
1760.0	3719.0 	2
2326.0	1964.0 	1
3898.0	366.0 	5
926.0	1262.0 	4
388.0	428.0 	3
3656.0	3659.0 	6
3585.0	3276.0 	6
3744.0	1137.0 	5
1413.0	4395.0 	2
1185.0	3495.0 	2
1857.0	1804.0 	7
4123.0	827.0 	5
966.0	1799.0 	4
4495.0	2842.0 	6
1740.0	4236.0 	2
1484.0	501.0 	7
3393.0	3471.0 	6
3307.0	3306.0 	6
1275.0	3008.0 	2
3224.0	37.0 	5
4516.0	4025.0 	6
600.0	4791.0 	2
201.0	4107.0 	2
2881.0	2134.0 	1
1163.0	789.0 	3
2334.0	1798.0 	7
2796.0	3094.0 	1
4017.0	3175.0 	6
509.0	4237.0 	2
946.0	4802.0 	2
4075.0	2481.0 	5
2319.0	844.0 	7
977.0	2821.0 	4
4517.0	4439.0 	6
3225.0	2609.0 	1
2503.0	378.0 	7
4111.0	870.0 	5
605.0	2873.0 	4
2458.0	2059.0 	1
4803.0	4163.0 	6
250.0	4561.0 	2
2484.0	2073.0 	1
4187.0	3190.0 	6
2323.0	4555.0 	2
746.0	3892.0 	2
4217.0	584.0 	5
446.0	2407.0 	4
1797.0	1725.0 	7
2071.0	2424.0 	1
341.0	435.0 	3
3107.0	993.0 	5
411.0	3171.0 	2
3028.0	3255.0 	1
3718.0	154.0 	5
3022.0	104.0 	7
2893.0	727.0 	7
4656.0	666.0 	5
1686.0	2085.0 	1
1443.0	3487.0 	2
3462.0	2164.0 	5
351.0	1833.0 	4
669.0	369.0 	3
4565.0	1199.0 	5
205.0	4051.0 	2
1059.0	4355.0 	2
282.0	173.0 	3
3189.0	32.0 	5
164.0	2150.0 	4
58.0	663.0 	3
4707.0	399.0 	5
1021.0	3731.0 	2
1169.0	2673.0 	4
3733.0	704.0 	5
3940.0	3076.0 	6
4454.0	4664.0 	6
2048.0	4186.0 	2
4007.0	780.0 	5
1002.0	4631.0 	2
2802.0	4021.0 	6
1184.0	1740.0 	4
2388.0	3500.0 	1
4533.0	2759.0 	6
1848.0	503.0 	7
1194.0	122.0 	3
3273.0	4001.0 	6
725.0	2234.0 	4
2676.0	4290.0 	6
3385.0	322.0 	5
2982.0	389.0 	7
2583.0	3712.0 	1
1566.0	2082.0 	4
3635.0	2765.0 	6
2879.0	2144.0 	1
478.0	960.0 	3
3489.0	4575.0 	6
2734.0	1255.0 	7
4497.0	495.0 	5
4750.0	1692.0 	5
3806.0	1560.0 	5
4013.0	1954.0 	5
1263.0	3162.0 	2
247.0	3965.0 	2
2353.0	582.0 	7
3474.0	1330.0 	5
214.0	334.0 	3
4572.0	272.0 	5
4434.0	4956.0 	6
2714.0	2663.0 	1
2572.0	1690.0 	7
119.0	4529.0 	2
2192.0	1020.0 	7
4073.0	2561.0 	5
2980.0	4852.0 	6
742.0	3466.0 	2
1166.0	1197.0 	7
2093.0	2280.0 	1
640.0	4050.0 	2
1943.0	4181.0 	2
3395.0	2597.0 	1
2387.0	3613.0 	1
4683.0	4861.0 	6
340.0	2439.0 	4
2441.0	641.0 	7
682.0	3537.0 	2
4637.0	466.0 	5
4992.0	2118.0 	5
4703.0	1027.0 	5
13.0	3842.0 	2
4352.0	32.0 	5
658.0	1657.0 	4
4161.0	330.0 	5
4217.0	521.0 	5
3714.0	4140.0 	6
3810.0	4627.0 	6
335.0	4296.0 	2
592.0	3349.0 	2
195.0	4314.0 	2
257.0	4052.0 	2
4362.0	3481.0 	6
314.0	1250.0 	4
64.0	4868.0 	2
1273.0	3414.0 	2
4209.0	1837.0 	5
1399.0	1593.0 	4
482.0	707.0 	3
1498.0	4981.0 	2
4948.0	2533.0 	5
3501.0	3945.0 	6
3277.0	3158.0 	6
2848.0	2814.0 	1
2691.0	2434.0 	1
3043.0	4190.0 	6
1984.0	4978.0 	2
471.0	2008.0 	4
1307.0	1608.0 	4
3990.0	4894.0 	6
3948.0	3837.0 	6
2223.0	4438.0 	2
3647.0	1153.0 	5
282.0	477.0 	3
779.0	651.0 	3
1615.0	4438.0 	2
1569.0	2587.0 	1
370.0	114.0 	3
1174.0	3749.0 	2
3742.0	2956.0 	6
4397.0	445.0 	5
4767.0	4841.0 	6
1605.0	1385.0 	7
2787.0	309.0 	7
2530.0	782.0 	7
2685.0	185.0 	7
461.0	2201.0 	4
3722.0	446.0 	5
2768.0	3556.0 	1
175.0	3718.0 	2
4761.0	2479.0 	5
4111.0	988.0 	5
1687.0	1867.0 	7
4613.0	1264.0 	5
2332.0	1441.0 	7
4843.0	648.0 	5
3639.0	2318.0 	5
3439.0	1942.0 	5
4930.0	2822.0 	6
3742.0	3498.0 	6
2287.0	1424.0 	7
2253.0	4193.0 	2
4826.0	421.0 	5
3848.0	3594.0 	6
2263.0	2185.0 	1
4980.0	547.0 	5
24.0	2422.0 	4
3149.0	184.0 	5
4422.0	594.0 	5
2707.0	1380.0 	7
4786.0	4284.0 	6
4231.0	4257.0 	6
4109.0	615.0 	5
569.0	90.0 	3
3350.0	4591.0 	6
1218.0	402.0 	3
1744.0	4696.0 	2
563.0	3171.0 	2
651.0	3662.0 	2
1278.0	2676.0 	4
3324.0	4403.0 	6
2824.0	2205.0 	1
2688.0	4685.0 	6
4968.0	3730.0 	6
630.0	2412.0 	4
277.0	3611.0 	2
3549.0	1055.0 	5
4275.0	3596.0 	6
308.0	2250.0 	4
4271.0	3706.0 	6
4380.0	1976.0 	5
626.0	2811.0 	4
429.0	2250.0 	4
4238.0	440.0 	5
2763.0	3776.0 	6
2308.0	2529.0 	1
1520.0	3714.0 	2
1331.0	647.0 	3
4971.0	4684.0 	6
4812.0	363.0 	5
1471.0	68.0 	3
3400.0	3100.0 	6
789.0	1973.0 	4
249.0	600.0 	3
84.0	2675.0 	4
80.0	1142.0 	3
4721.0	2276.0 	5
1401.0	4866.0 	2
1440.0	430.0 	7
3765.0	1034.0 	5
2152.0	4325.0 	2
3316.0	732.0 	5
2943.0	3495.0 	6
1290.0	868.0 	7
4655.0	3347.0 	6
4587.0	3786.0 	6
760.0	1976.0 	4
4003.0	1737.0 	5
3079.0	4444.0 	6
3597.0	342.0 	5
2801.0	4994.0 	6
904.0	3656.0 	2
560.0	2742.0 	4
670.0	1299.0 	4
2971.0	1109.0 	7
1312.0	1285.0 	7
4558.0	87.0 	5
1699.0	301.0 	7
4161.0	2932.0 	6
2007.0	3853.0 	2
4653.0	2546.0 	5
4770.0	586.0 	5
2839.0	4982.0 	6
4190.0	1586.0 	5
4462.0	740.0 	5
460.0	738.0 	3
3633.0	2317.0 	5
411.0	81.0 	3
3157.0	1080.0 	5
632.0	2620.0 	4
1775.0	4484.0 	2
1699.0	2201.0 	1
2386.0	4212.0 	6
634.0	1114.0 	3
2411.0	759.0 	7
433.0	3979.0 	2
714.0	1434.0 	4
3319.0	1804.0 	5
3823.0	912.0 	5
2891.0	4511.0 	6
3946.0	4318.0 	6
4258.0	1438.0 	5
2400.0	1737.0 	7
4924.0	4632.0 	6
1528.0	2600.0 	1
2343.0	357.0 	7
3716.0	1917.0 	5
1320.0	1516.0 	4
4274.0	2380.0 	5
4816.0	1422.0 	5
410.0	4345.0 	2
3311.0	1182.0 	5
3596.0	4925.0 	6
3294.0	4890.0 	6
3164.0	363.0 	5
616.0	1772.0 	4
1674.0	2253.0 	1
952.0	3695.0 	2
1393.0	4430.0 	2
1881.0	4715.0 	2
3641.0	4587.0 	6
749.0	36.0 	3
133.0	2246.0 	4
1405.0	2331.0 	4
2390.0	2713.0 	1
4941.0	3147.0 	6
4872.0	4217.0 	6
3041.0	1690.0 	5
1940.0	3089.0 	1
2320.0	3744.0 	1
3468.0	3625.0 	6
3496.0	2070.0 	5
1052.0	348.0 	3
3074.0	1816.0 	5
1229.0	2913.0 	2
3362.0	1229.0 	5
3153.0	4480.0 	6
632.0	3429.0 	2
925.0	3822.0 	2
1712.0	4791.0 	2
4103.0	710.0 	5
2679.0	3172.0 	1
4545.0	4735.0 	6
2937.0	1004.0 	7
3230.0	3644.0 	6
2394.0	2213.0 	1
941.0	2386.0 	4
2707.0	2881.0 	1
2178.0	3484.0 	1
85.0	1729.0 	4
2258.0	2587.0 	1
3244.0	2894.0 	1
1054.0	4624.0 	2
182.0	3638.0 	2
384.0	2894.0 	4
1321.0	3590.0 	2
3965.0	2565.0 	5
790.0	4236.0 	2
1473.0	4344.0 	2
1390.0	3485.0 	2
2059.0	3332.0 	1
1941.0	2199.0 	1
379.0	2143.0 	4
4379.0	4866.0 	6
3922.0	1740.0 	5
113.0	961.0 	3
2165.0	1631.0 	7
2991.0	3826.0 	6
2833.0	586.0 	7
3515.0	3050.0 	6
1527.0	1998.0 	4
665.0	2215.0 	4
917.0	4209.0 	2
4083.0	2034.0 	5
1555.0	3535.0 	2
1373.0	2243.0 	4
2671.0	983.0 	7
1711.0	1720.0 	7
2345.0	249.0 	7
772.0	2985.0 	2
3963.0	4384.0 	6
260.0	2771.0 	4
1372.0	2584.0 	1
1365.0	3462.0 	2
3723.0	2105.0 	5
3665.0	583.0 	5
999.0	3340.0 	2
529.0	1364.0 	4
1402.0	1639.0 	4
2241.0	1709.0 	7
80.0	2616.0 	4
3214.0	3265.0 	6
1763.0	1216.0 	7
2096.0	4061.0 	2
1954.0	815.0 	7
796.0	2829.0 	4
4800.0	3856.0 	6
723.0	2228.0 	4
2785.0	3370.0 	1
2831.0	4359.0 	6
3989.0	878.0 	5
4260.0	1810.0 	5
3881.0	4158.0 	6
1602.0	3835.0 	2
3648.0	4029.0 	6
3982.0	2226.0 	5
2705.0	2188.0 	1
4959.0	654.0 	5
239.0	4041.0 	2
3508.0	1152.0 	5
2920.0	1457.0 	7
2464.0	2853.0 	1
3938.0	2744.0 	6
2126.0	4359.0 	2
4154.0	3352.0 	6
4676.0	1966.0 	5
529.0	4498.0 	2
3130.0	3218.0 	1
823.0	3083.0 	2
564.0	3258.0 	2
3470.0	3261.0 	6
3838.0	1128.0 	5
4917.0	1803.0 	5
28.0	1094.0 	3
358.0	3057.0 	2
497.0	844.0 	3
1059.0	1206.0 	3
889.0	4951.0 	2
2355.0	4113.0 	1
168.0	4338.0 	2
1758.0	3051.0 	1
837.0	311.0 	3
238.0	2800.0 	4
3366.0	2941.0 	1
243.0	219.0 	3
3305.0	1096.0 	5
787.0	711.0 	3
3625.0	3565.0 	6
2352.0	114.0 	7
2069.0	3810.0 	1
2786.0	4918.0 	6
4939.0	1459.0 	5
3439.0	4237.0 	6
4307.0	453.0 	5
2186.0	1607.0 	7
4037.0	4549.0 	6
2086.0	2227.0 	1
2724.0	4038.0 	6
1798.0	4499.0 	2
1250.0	3199.0 	2
3118.0	4173.0 	6
3666.0	4452.0 	6
4024.0	4238.0 	6
2267.0	83.0 	7
2307.0	89.0 	7
2587.0	2285.0 	1
4413.0	3499.0 	6
1387.0	1955.0 	4
4119.0	1357.0 	5
1402.0	3026.0 	1
1424.0	3895.0 	2
1504.0	1895.0 	4
555.0	4146.0 	2
1417.0	1826.0 	4
1933.0	2249.0 	1
2324.0	2110.0 	1
1918.0	2998.0 	1
4670.0	4642.0 	6
3942.0	3257.0 	6
748.0	2805.0 	4
1888.0	2007.0 	1
1481.0	4536.0 	2
4998.0	2897.0 	6
3361.0	4917.0 	6
3378.0	249.0 	5
4396.0	2213.0 	5
388.0	3272.0 	2
1341.0	1759.0 	4
1239.0	1763.0 	4
633.0	586.0 	3
1241.0	336.0 	3
1712.0	1869.0 	7
4114.0	1565.0 	5
4166.0	4209.0 	6
2605.0	747.0 	7
104.0	4470.0 	2
1754.0	2953.0 	1
1787.0	3964.0 	2
3347.0	4770.0 	6
1114.0	2786.0 	4
3384.0	1847.0 	5
199.0	2918.0 	4
2305.0	320.0 	7
987.0	423.0 	3
4451.0	3769.0 	6
3479.0	3801.0 	6
1004.0	3312.0 	2
3556.0	869.0 	5
1500.0	1926.0 	4
947.0	4632.0 	2
4558.0	1029.0 	5
3428.0	3694.0 	6
3790.0	3727.0 	6
3166.0	104.0 	5
2585.0	1181.0 	7
3840.0	4293.0 	6
4622.0	2738.0 	6
3464.0	329.0 	5
2108.0	3232.0 	1
3504.0	1986.0 	5
1874.0	3345.0 	1
3448.0	4749.0 	6
4626.0	4942.0 	6
1964.0	359.0 	7
422.0	4691.0 	2
475.0	1930.0 	4
3321.0	4806.0 	6
3492.0	3434.0 	6
4805.0	574.0 	5
1357.0	1666.0 	4
1731.0	10.0 	7
4114.0	4427.0 	6
3936.0	2724.0 	6
1393.0	1786.0 	4
3503.0	985.0 	5
617.0	2935.0 	4
1428.0	4734.0 	2
4888.0	222.0 	5
2773.0	240.0 	7
2869.0	1859.0 	1
708.0	913.0 	3
1048.0	3077.0 	2
4813.0	1569.0 	5
3572.0	4935.0 	6
565.0	3060.0 	2
2652.0	1807.0 	1
3202.0	1862.0 	5
719.0	1759.0 	4
2153.0	487.0 	7
2344.0	882.0 	7
2331.0	375.0 	7
2880.0	2503.0 	1
3340.0	3200.0 	6
231.0	1526.0 	4
2202.0	3265.0 	1
135.0	3555.0 	2
1683.0	1063.0 	7
2409.0	4910.0 	6
1502.0	1277.0 	7
1566.0	1359.0 	7
3116.0	1122.0 	5
1565.0	1783.0 	7
3631.0	4070.0 	6
1385.0	3887.0 	2
186.0	3533.0 	2
49.0	4223.0 	2
1562.0	4596.0 	2
166.0	1993.0 	4
4759.0	984.0 	5
3680.0	1988.0 	5
2539.0	1970.0 	1
2825.0	1808.0 	1
2362.0	3713.0 	1
2376.0	3244.0 	1
1298.0	2880.0 	1
1912.0	1671.0 	7
910.0	1235.0 	4
3600.0	1407.0 	5
261.0	3274.0 	2
377.0	3681.0 	2
186.0	3693.0 	2
255.0	4389.0 	2
757.0	2437.0 	4
4909.0	3155.0 	6
2238.0	4620.0 	2
1669.0	2007.0 	1
2818.0	198.0 	7
527.0	575.0 	3
795.0	3150.0 	2
283.0	2863.0 	4
4458.0	2221.0 	5
2844.0	4835.0 	6
1650.0	2564.0 	1
2668.0	4720.0 	6
3455.0	1530.0 	5
2389.0	4578.0 	6
2831.0	4346.0 	6
3859.0	2610.0 	6
423.0	561.0 	3
1507.0	3952.0 	2
473.0	2318.0 	4
4094.0	3902.0 	6
212.0	978.0 	3
3852.0	4800.0 	6
270.0	3195.0 	2
2426.0	1482.0 	7
1090.0	3430.0 	2
3204.0	2573.0 	1
4259.0	2224.0 	5
479.0	974.0 	3
2727.0	3220.0 	1
2000.0	3161.0 	1
2605.0	2626.0 	1
2649.0	4172.0 	6
713.0	3527.0 	2
3782.0	3397.0 	6
1946.0	3178.0 	1
1207.0	390.0 	3
2739.0	1048.0 	7
893.0	3312.0 	2
1182.0	3342.0 	2
4061.0	1139.0 	5
4627.0	2798.0 	6
3289.0	3460.0 	6
1002.0	937.0 	3
2028.0	4226.0 	2
2434.0	1911.0 	1
3130.0	254.0 	5
2311.0	271.0 	7
4380.0	2354.0 	5
4618.0	831.0 	5
1375.0	425.0 	3
433.0	3167.0 	2
59.0	2369.0 	4
3437.0	4238.0 	6
2670.0	2045.0 	1
3591.0	1892.0 	5
4002.0	1476.0 	5
1193.0	4654.0 	2
1045.0	3687.0 	2
55.0	1496.0 	4
391.0	3182.0 	2
1225.0	1998.0 	4
3219.0	3657.0 	6
1975.0	1174.0 	7
300.0	3444.0 	2
1167.0	4033.0 	2
4834.0	2842.0 	6
3095.0	3782.0 	6
814.0	2296.0 	4
3617.0	4994.0 	6
1136.0	1278.0 	4
851.0	4586.0 	2
4126.0	1401.0 	5
2350.0	2814.0 	1
3525.0	3598.0 	6
2663.0	2990.0 	1
908.0	2234.0 	4
706.0	4147.0 	2
4717.0	2245.0 	5
2906.0	169.0 	7
3677.0	4530.0 	6
1025.0	1590.0 	4
3121.0	3510.0 	6
2359.0	4305.0 	6
3478.0	4597.0 	6
4026.0	4175.0 	6
2857.0	4969.0 	6
3645.0	2471.0 	5
339.0	4122.0 	2
1547.0	1485.0 	7
1403.0	2228.0 	4
2860.0	3829.0 	6
525.0	4637.0 	2
2516.0	1631.0 	7
115.0	2851.0 	4
839.0	4882.0 	2
838.0	620.0 	3
3522.0	4608.0 	6
4097.0	2199.0 	5
1502.0	3683.0 	2
1827.0	3254.0 	1
111.0	1527.0 	4
4423.0	4050.0 	6
1672.0	921.0 	7
4304.0	1981.0 	5
4365.0	2962.0 	6
3474.0	4365.0 	6
839.0	239.0 	3
2892.0	3635.0 	6
3379.0	3441.0 	6
2622.0	2179.0 	1
1671.0	2791.0 	1
2655.0	1739.0 	7
4585.0	3837.0 	6
1250.0	4156.0 	2
3100.0	2497.0 	1
486.0	4672.0 	2
3838.0	1007.0 	5
1763.0	2636.0 	1
2630.0	4744.0 	6
1250.0	2055.0 	4
4227.0	1960.0 	5
3394.0	258.0 	5
4887.0	3070.0 	6
1619.0	2558.0 	1
3210.0	1716.0 	5
1467.0	1894.0 	4
1581.0	891.0 	7
1624.0	3901.0 	2
1847.0	728.0 	7
511.0	4881.0 	2
3007.0	4699.0 	6
3788.0	3516.0 	6
929.0	3709.0 	2
2244.0	3700.0 	1
2663.0	1692.0 	7
2096.0	1485.0 	7
1968.0	2969.0 	1
4983.0	4023.0 	6
2795.0	2396.0 	1
2150.0	2433.0 	1
407.0	4686.0 	2
1518.0	3502.0 	2
1080.0	3964.0 	2
4314.0	3104.0 	6
2724.0	888.0 	7
2810.0	1100.0 	7
4979.0	3720.0 	6
2349.0	4481.0 	2
2017.0	3644.0 	1
2636.0	1458.0 	7
3014.0	2225.0 	1
2333.0	2733.0 	1
3616.0	1055.0 	5
388.0	1686.0 	4
2873.0	2032.0 	1
4616.0	2561.0 	5
3791.0	863.0 	5
4974.0	4793.0 	6
319.0	4157.0 	2
692.0	1477.0 	4
2002.0	1386.0 	7
4835.0	3071.0 	6
942.0	2889.0 	4
2167.0	1863.0 	1
1170.0	1139.0 	7
2693.0	2024.0 	1
1590.0	3411.0 	2
3079.0	4151.0 	6
4997.0	213.0 	5
3331.0	3165.0 	6
3120.0	3074.0 	1
3431.0	4486.0 	6
3369.0	1612.0 	5
2190.0	4045.0 	2
1391.0	3044.0 	1
1117.0	2825.0 	4
283.0	199.0 	3
1876.0	3275.0 	1
1845.0	2100.0 	1
4220.0	1955.0 	5
445.0	1926.0 	4
1663.0	3629.0 	2
4099.0	4609.0 	6
1045.0	2344.0 	4
1660.0	204.0 	7
1285.0	3804.0 	2
1572.0	1743.0 	7
3939.0	4087.0 	6
3092.0	3824.0 	6
783.0	3796.0 	2
476.0	1081.0 	3
1976.0	2416.0 	1
4704.0	2446.0 	5
3622.0	3329.0 	6
623.0	1798.0 	4
2681.0	1424.0 	7
2910.0	4872.0 	6
1291.0	3506.0 	2
138.0	182.0 	3
2995.0	3899.0 	6
4859.0	1210.0 	5
1030.0	313.0 	3
4878.0	565.0 	5
3150.0	128.0 	5
4079.0	2798.0 	6
4267.0	206.0 	5
2482.0	4988.0 	6
2816.0	2975.0 	1
2790.0	3886.0 	6
944.0	1871.0 	4
4024.0	2612.0 	6
1172.0	1382.0 	4
3217.0	1250.0 	5
4797.0	2893.0 	6
4727.0	2026.0 	5
742.0	2542.0 	4
4353.0	1920.0 	5
1924.0	1228.0 	7
1872.0	588.0 	7
2994.0	1024.0 	5
1031.0	4223.0 	2
1711.0	4109.0 	2
1242.0	2138.0 	4
4017.0	3697.0 	6
3415.0	3611.0 	6
3668.0	4804.0 	6
4497.0	1319.0 	5
4345.0	1410.0 	5
3822.0	3906.0 	6
3247.0	1309.0 	5
2922.0	78.0 	7
4900.0	3297.0 	6
1545.0	1259.0 	7
3388.0	4186.0 	6
1201.0	2279.0 	4
4393.0	4795.0 	6
4857.0	3853.0 	6
3418.0	1190.0 	5
326.0	3571.0 	2
3467.0	3872.0 	6
3046.0	1417.0 	5
4007.0	4335.0 	6
376.0	3257.0 	2
2810.0	1655.0 	7
1671.0	161.0 	7
2705.0	3718.0 	1
3400.0	1923.0 	5
4766.0	502.0 	5
3353.0	3580.0 	6
4299.0	1301.0 	5
4232.0	3576.0 	6
882.0	2060.0 	4
3927.0	805.0 	5
1037.0	2377.0 	4
2656.0	938.0 	7
743.0	4191.0 	2
146.0	2301.0 	4
2522.0	4975.0 	6
1204.0	1313.0 	4
837.0	4254.0 	2
2612.0	1005.0 	7
2210.0	867.0 	7
589.0	628.0 	3
2143.0	4982.0 	2
354.0	4285.0 	2
2276.0	2228.0 	1
428.0	175.0 	3
1441.0	3626.0 	2
3922.0	1522.0 	5
4424.0	4272.0 	6
3304.0	3885.0 	6
1075.0	1899.0 	4
2242.0	167.0 	7
563.0	4424.0 	2
1028.0	88.0 	3
2351.0	3896.0 	1
85.0	4275.0 	2
359.0	3704.0 	2
1640.0	759.0 	7
1700.0	1422.0 	7
2537.0	1607.0 	7
2374.0	2562.0 	1
3672.0	4298.0 	6
1865.0	4379.0 	2
2920.0	434.0 	7
361.0	4853.0 	2
4051.0	1766.0 	5
828.0	212.0 	3
4582.0	4928.0 	6
66.0	2742.0 	4
3059.0	1208.0 	5
4888.0	4764.0 	6
2713.0	1796.0 	1
4267.0	1313.0 	5
2102.0	2378.0 	1
954.0	1619.0 	4
2760.0	4314.0 	6
3873.0	736.0 	5
2816.0	1274.0 	7
3824.0	2924.0 	6
2246.0	2070.0 	1
1359.0	1949.0 	4
187.0	252.0 	3
1984.0	1684.0 	7
3247.0	4281.0 	6
459.0	1064.0 	3
1775.0	2941.0 	1
129.0	4919.0 	2
3476.0	3568.0 	6
1283.0	1069.0 	7
2699.0	890.0 	7
2332.0	2318.0 	1
4618.0	3717.0 	6
4319.0	1345.0 	5
2507.0	4110.0 	6
4172.0	4153.0 	6
3559.0	706.0 	5
4667.0	4147.0 	6
3722.0	4636.0 	6
3696.0	3928.0 	6
211.0	4805.0 	2
1318.0	3415.0 	2
96.0	1490.0 	4
1383.0	2997.0 	1
706.0	2720.0 	4
459.0	3883.0 	2
3847.0	2823.0 	6
1794.0	2083.0 	1
4296.0	3319.0 	6
4618.0	4991.0 	6
643.0	4626.0 	2
754.0	1479.0 	4
2231.0	779.0 	7
3028.0	3624.0 	6
2497.0	1720.0 	7
1191.0	2693.0 	4
1069.0	2929.0 	2
305.0	590.0 	3
4117.0	2074.0 	5
3700.0	3200.0 	6
348.0	942.0 	3
3496.0	3086.0 	6
1660.0	320.0 	7
4954.0	2314.0 	5
313.0	2261.0 	4
668.0	2871.0 	4
4532.0	3217.0 	6
4643.0	629.0 	5
3983.0	2584.0 	5
1106.0	3180.0 	2
748.0	3032.0 	2
1709.0	2412.0 	1
4618.0	3962.0 	6
2471.0	3546.0 	1
2888.0	2463.0 	1
1281.0	3903.0 	2
2378.0	1971.0 	1
4611.0	431.0 	5
983.0	3994.0 	2
1353.0	1962.0 	4
2795.0	3112.0 	1
4770.0	1676.0 	5
783.0	1911.0 	4
561.0	2352.0 	4
1618.0	4260.0 	2
3125.0	2236.0 	1
520.0	1259.0 	4
3211.0	1865.0 	5
4515.0	599.0 	5
4871.0	639.0 	5
2549.0	4223.0 	6
3907.0	290.0 	5
3222.0	3607.0 	6
884.0	3150.0 	2
3700.0	1547.0 	5
4740.0	3058.0 	6
3527.0	1922.0 	5
1441.0	4021.0 	2
762.0	4987.0 	2
4101.0	2205.0 	5
782.0	1721.0 	4
3018.0	780.0 	7
582.0	2787.0 	4
3849.0	4683.0 	6
769.0	4352.0 	2
4370.0	595.0 	5
4472.0	4859.0 	6
954.0	1043.0 	3
1495.0	1279.0 	7
806.0	1054.0 	3
4007.0	957.0 	5
1012.0	451.0 	3
3138.0	1500.0 	5
934.0	2269.0 	4
4492.0	3313.0 	6
3216.0	3459.0 	6
4022.0	1652.0 	5
2476.0	4507.0 	6
925.0	718.0 	3
3842.0	4997.0 	6
544.0	2572.0 	4
2919.0	2016.0 	1
624.0	1135.0 	3
3970.0	4757.0 	6
3445.0	3114.0 	6
1695.0	1633.0 	7
4553.0	3449.0 	6
4523.0	573.0 	5
3227.0	361.0 	5
4643.0	315.0 	5
3716.0	168.0 	5
4035.0	1874.0 	5
559.0	2003.0 	4
2322.0	3907.0 	1
597.0	2498.0 	4
276.0	2637.0 	4
1171.0	1194.0 	7
3048.0	4142.0 	6
4742.0	3430.0 	6
2692.0	4420.0 	6
4744.0	4887.0 	6
3689.0	3041.0 	6
274.0	679.0 	3
2571.0	3676.0 	1
1076.0	3577.0 	2
4192.0	3741.0 	6
4910.0	2055.0 	5
3599.0	117.0 	5
3329.0	3391.0 	6
2909.0	1831.0 	1
1658.0	1216.0 	7
2651.0	2769.0 	1
4993.0	2392.0 	5
4253.0	2006.0 	5
2261.0	1484.0 	7
1379.0	548.0 	7
1070.0	52.0 	3
988.0	2236.0 	4
4465.0	1084.0 	5
724.0	3896.0 	2
3584.0	1545.0 	5
4892.0	3862.0 	6
3861.0	3328.0 	6
4807.0	3891.0 	6
2650.0	1294.0 	7
1834.0	3440.0 	1
4436.0	3796.0 	6
3019.0	2218.0 	1
2176.0	670.0 	7
1907.0	2626.0 	1
2721.0	3053.0 	1
3550.0	4519.0 	6
532.0	2535.0 	4
3027.0	4985.0 	6
4324.0	4221.0 	6
110.0	1328.0 	4
4136.0	1001.0 	5
2064.0	4202.0 	2
3073.0	2383.0 	1
3808.0	719.0 	5
4430.0	1519.0 	5
349.0	1424.0 	4
1281.0	929.0 	7
4070.0	583.0 	5
207.0	3040.0 	2
3177.0	2947.0 	1
1271.0	1291.0 	7
4440.0	3396.0 	6
2821.0	4437.0 	6
4523.0	485.0 	5
4446.0	4305.0 	6
2000.0	2874.0 	1
4217.0	1224.0 	5
2815.0	35.0 	7
193.0	4755.0 	2
1620.0	1047.0 	7
4990.0	1332.0 	5
4908.0	3047.0 	6
934.0	4486.0 	2
3983.0	2257.0 	5
380.0	861.0 	3
3589.0	3445.0 	6
4143.0	403.0 	5
1279.0	4830.0 	2
519.0	2970.0 	4
3770.0	2853.0 	6
3597.0	664.0 	5
3642.0	568.0 	5
837.0	749.0 	3
3807.0	4608.0 	6
4027.0	2328.0 	5
4130.0	1695.0 	5
3059.0	3738.0 	6
1161.0	467.0 	3
1708.0	3937.0 	2
158.0	4184.0 	2
561.0	2564.0 	4
1171.0	724.0 	3
4311.0	2974.0 	6
1916.0	3356.0 	1
55.0	3455.0 	2
3517.0	2035.0 	5
1509.0	1191.0 	7
2311.0	4950.0 	2
3013.0	4372.0 	6
1918.0	1151.0 	7
3726.0	1910.0 	5
2496.0	482.0 	7
1081.0	4795.0 	2
1962.0	2777.0 	1
3549.0	1196.0 	5
2502.0	3481.0 	1
2808.0	2020.0 	1
4972.0	2438.0 	5
3975.0	1029.0 	5
3471.0	4178.0 	6
2385.0	4600.0 	6
4644.0	3782.0 	6
1499.0	1132.0 	7
1071.0	1278.0 	4
341.0	1351.0 	4
1558.0	3022.0 	1
328.0	2105.0 	4
178.0	1045.0 	3
69.0	2689.0 	4
2534.0	3620.0 	1
290.0	2834.0 	4
2664.0	646.0 	7
1140.0	1511.0 	4
3917.0	2440.0 	5
1024.0	3226.0 	2
4751.0	2914.0 	6
1452.0	2452.0 	1
1286.0	4067.0 	2
2740.0	3222.0 	1
2281.0	2624.0 	1
1797.0	1473.0 	7
4892.0	2778.0 	6
641.0	1954.0 	4
4083.0	870.0 	5
4474.0	4298.0 	6
2878.0	1391.0 	7
1313.0	3806.0 	2
4522.0	615.0 	5
851.0	257.0 	3
4815.0	3696.0 	6
3942.0	755.0 	5
476.0	2054.0 	4
3320.0	3373.0 	6
353.0	1940.0 	4
2509.0	1972.0 	1
4780.0	3865.0 	6
3993.0	960.0 	5
3961.0	1314.0 	5
4339.0	4967.0 	6
300.0	151.0 	3
1806.0	3244.0 	1
801.0	3283.0 	2
403.0	2310.0 	4
4105.0	703.0 	5
3882.0	224.0 	5
3025.0	1124.0 	5
2647.0	3283.0 	1
4030.0	4181.0 	6
4871.0	4188.0 	6
1032.0	4824.0 	2
396.0	27.0 	3
516.0	3529.0 	2
1306.0	4170.0 	2
1545.0	723.0 	7
1963.0	2771.0 	1
4980.0	3056.0 	6
4645.0	4444.0 	6
1474.0	928.0 	7
586.0	56.0 	3
4289.0	3789.0 	6
3629.0	1591.0 	5
1110.0	4795.0 	2
2367.0	974.0 	7
1143.0	2347.0 	4
3462.0	3115.0 	6
3603.0	3398.0 	6
2056.0	1065.0 	7
1875.0	26.0 	7
2804.0	4856.0 	6
3745.0	3902.0 	6
2825.0	522.0 	7
3648.0	2720.0 	6
1058.0	625.0 	3
4902.0	4957.0 	6
1250.0	1661.0 	4
642.0	2107.0 	4
4075.0	624.0 	5
154.0	3771.0 	2
2703.0	1203.0 	7
3203.0	1219.0 	5
1703.0	948.0 	7
839.0	2232.0 	4
196.0	1209.0 	4
4921.0	3990.0 	6
4985.0	4564.0 	6
4432.0	620.0 	5
3883.0	1362.0 	5
2087.0	1771.0 	7
544.0	174.0 	3
4800.0	2857.0 	6
871.0	4720.0 	2
1467.0	4993.0 	2
4269.0	4987.0 	6
2369.0	3387.0 	1
3298.0	1625.0 	5
71.0	2966.0 	4
1804.0	4815.0 	2
3630.0	140.0 	5
2811.0	1276.0 	7
4073.0	3731.0 	6
3858.0	3567.0 	6
311.0	300.0 	3
4325.0	2906.0 	6
4432.0	1206.0 	5
4627.0	4944.0 	6
508.0	2547.0 	4
885.0	2723.0 	4
2185.0	3258.0 	1
1222.0	1869.0 	4
4676.0	2421.0 	5
2786.0	3727.0 	6
3716.0	2901.0 	6
3664.0	755.0 	5
4633.0	1113.0 	5
4888.0	2536.0 	5
1237.0	2729.0 	4
2374.0	218.0 	7
39.0	3304.0 	2
4578.0	757.0 	5
2314.0	903.0 	7
3770.0	277.0 	5
2270.0	4276.0 	2
3076.0	4896.0 	6
1956.0	3292.0 	1
1007.0	13.0 	3
4553.0	2580.0 	5
2711.0	1385.0 	7
4858.0	4756.0 	6
407.0	1598.0 	4
3510.0	49.0 	5
3388.0	3478.0 	6
635.0	1209.0 	4
4149.0	1229.0 	5
2241.0	399.0 	7
2731.0	3780.0 	6
2166.0	1830.0 	7
2497.0	3265.0 	1
4406.0	413.0 	5
4818.0	1627.0 	5
3586.0	566.0 	5
1209.0	4266.0 	2
293.0	1399.0 	4
3743.0	457.0 	5
97.0	488.0 	3
4135.0	898.0 	5
1980.0	3861.0 	2
1328.0	160.0 	3
3457.0	4559.0 	6
341.0	2433.0 	4
273.0	3680.0 	2
1041.0	4356.0 	2
3768.0	1314.0 	5
335.0	1514.0 	4
1424.0	1133.0 	7
170.0	4748.0 	2
3301.0	2795.0 	1
3363.0	1545.0 	5
331.0	385.0 	3
3267.0	789.0 	5
2171.0	1418.0 	7
4361.0	4751.0 	6
4944.0	3326.0 	6
1826.0	1743.0 	7
128.0	3630.0 	2
4681.0	3158.0 	6
39.0	4319.0 	2
82.0	2831.0 	4
4724.0	4305.0 	6
2871.0	4229.0 	6
2349.0	3861.0 	1
1660.0	4701.0 	2
4686.0	554.0 	5
1804.0	1096.0 	7
4362.0	3666.0 	6
2984.0	1929.0 	1
1873.0	398.0 	7
4291.0	1508.0 	5
1890.0	1456.0 	7
4408.0	4243.0 	6
4503.0	3701.0 	6
727.0	1114.0 	3
1544.0	2072.0 	4
2817.0	3866.0 	6
2559.0	2006.0 	1
1512.0	363.0 	7
4209.0	1815.0 	5
3894.0	476.0 	5
2121.0	169.0 	7
2383.0	1606.0 	7
921.0	1900.0 	4
1359.0	759.0 	7
4888.0	2117.0 	5
1469.0	84.0 	3
4632.0	3384.0 	6
1191.0	1952.0 	4
3921.0	2374.0 	5
4853.0	2028.0 	5
3256.0	3316.0 	6
1119.0	1949.0 	4
2702.0	1950.0 	1
200.0	2421.0 	4
2051.0	3844.0 	2
3865.0	4118.0 	6
453.0	3594.0 	2
2581.0	2672.0 	1
1720.0	924.0 	7
2265.0	2280.0 	1
4179.0	3868.0 	6
2746.0	805.0 	7
4378.0	1126.0 	5
2849.0	1326.0 	7
107.0	3270.0 	2
2292.0	3774.0 	1
3379.0	1954.0 	5
4973.0	2387.0 	5
3609.0	1136.0 	5
1308.0	1388.0 	7
2279.0	4271.0 	2
3456.0	1876.0 	5
3918.0	4774.0 	6
4769.0	1948.0 	5
4512.0	4870.0 	6
1981.0	2736.0 	1
675.0	2540.0 	4
2149.0	3672.0 	1
4315.0	828.0 	5
351.0	493.0 	3
3533.0	3181.0 	6
2519.0	732.0 	7
2980.0	1628.0 	5
762.0	1685.0 	4
2298.0	580.0 	7
3817.0	1801.0 	5
4643.0	4262.0 	6
4079.0	4519.0 	6
901.0	4591.0 	2
390.0	1238.0 	4
991.0	4127.0 	2
2104.0	4711.0 	2
4849.0	3610.0 	6
2393.0	3598.0 	1
2432.0	2656.0 	1
2223.0	2419.0 	1
1636.0	4127.0 	2
3109.0	2291.0 	1
1668.0	2350.0 	1
4336.0	3045.0 	6
883.0	2792.0 	4
4757.0	789.0 	5
2532.0	4020.0 	6
13.0	50.0 	3
732.0	1569.0 	4
2724.0	1995.0 	1
4947.0	156.0 	5
1063.0	3275.0 	2
4259.0	4568.0 	6
1426.0	4867.0 	2
2215.0	498.0 	7
155.0	1428.0 	4
1069.0	4663.0 	2
4770.0	1155.0 	5
3087.0	3770.0 	6
1963.0	3680.0 	1
2637.0	696.0 	7
2562.0	4087.0 	6
644.0	468.0 	3
622.0	1550.0 	4
1736.0	1704.0 	7
3031.0	4289.0 	6
3531.0	4027.0 	6
4910.0	3567.0 	6
4619.0	3134.0 	6
128.0	130.0 	3
4495.0	4468.0 	6
3227.0	815.0 	5
3352.0	207.0 	5
1147.0	4587.0 	2
3653.0	3097.0 	6
4705.0	1149.0 	5
3916.0	510.0 	5
2696.0	4642.0 	6
1809.0	1759.0 	7
4391.0	3967.0 	6
3946.0	1354.0 	5
2351.0	4072.0 	1
1555.0	3179.0 	1
646.0	4959.0 	2
4947.0	3966.0 	6
1172.0	1894.0 	4
3417.0	1767.0 	5
4409.0	3455.0 	6
3535.0	3500.0 	6
2392.0	1440.0 	7
1574.0	2508.0 	1
3777.0	1228.0 	5
3300.0	1882.0 	5
1585.0	1983.0 	4
2079.0	4565.0 	2
1461.0	3873.0 	2
4292.0	3803.0 	6
772.0	2122.0 	4
2195.0	4083.0 	2
3228.0	3517.0 	6
944.0	217.0 	3
1625.0	3201.0 	1
3312.0	1470.0 	5
389.0	4588.0 	2
1246.0	2657.0 	4
1866.0	379.0 	7
426.0	1282.0 	4
1304.0	2675.0 	1
4844.0	2593.0 	5
144.0	2896.0 	4
4962.0	4093.0 	6
3216.0	78.0 	5
3574.0	618.0 	5
69.0	2745.0 	4
867.0	4570.0 	2
44.0	525.0 	3
1271.0	3752.0 	2
2251.0	4810.0 	2
1456.0	3885.0 	2
3580.0	2781.0 	6
3736.0	1068.0 	5
1824.0	4615.0 	2
1381.0	181.0 	3
685.0	3034.0 	2
242.0	2405.0 	4
2404.0	3725.0 	1
1127.0	122.0 	3
4207.0	1872.0 	5
4291.0	1369.0 	5
674.0	2647.0 	4
2547.0	361.0 	7
2433.0	1696.0 	7
4356.0	4976.0 	6
3911.0	2411.0 	5
4149.0	3497.0 	6
3447.0	4704.0 	6
4166.0	322.0 	5
3360.0	2503.0 	1
3285.0	3236.0 	6
1485.0	3665.0 	2
4899.0	4443.0 	6
1592.0	438.0 	7
4308.0	2277.0 	5
3823.0	1932.0 	5
267.0	612.0 	3
3894.0	2505.0 	5
3387.0	3579.0 	6
4566.0	4005.0 	6
4420.0	1202.0 	5
1516.0	72.0 	3
2906.0	1302.0 	7
2542.0	4907.0 	6
4154.0	4746.0 	6
4168.0	3179.0 	6
147.0	466.0 	3
4548.0	3627.0 	6
4682.0	3087.0 	6
864.0	657.0 	3
2249.0	3686.0 	1
592.0	398.0 	3
4976.0	489.0 	5
3298.0	4362.0 	6
76.0	134.0 	3
1647.0	1612.0 	7
1688.0	4996.0 	2
4319.0	339.0 	5
1546.0	4573.0 	2
4284.0	4357.0 	6
2537.0	3976.0 	6
2303.0	1113.0 	7
1357.0	469.0 	3
4772.0	969.0 	5
3786.0	3471.0 	6
2162.0	312.0 	7
171.0	4306.0 	2
2995.0	1433.0 	5
3001.0	1598.0 	5
2946.0	2476.0 	1
3603.0	3563.0 	6
1763.0	3084.0 	1
594.0	3434.0 	2
1743.0	923.0 	7
1118.0	3525.0 	2
80.0	1928.0 	4
631.0	3368.0 	2
925.0	2889.0 	4
821.0	4851.0 	2
3053.0	2297.0 	1
3864.0	1698.0 	5
2939.0	2442.0 	1
3136.0	2849.0 	1
2370.0	4560.0 	6
1526.0	2233.0 	1
3541.0	2456.0 	1
126.0	4750.0 	2
2678.0	629.0 	7
1159.0	4747.0 	2
4034.0	3901.0 	6
511.0	4579.0 	2
2387.0	2731.0 	1
1242.0	456.0 	3
3577.0	3874.0 	6
4610.0	2563.0 	5
2878.0	487.0 	7
2940.0	4446.0 	6
1513.0	2.0 	3
1784.0	3086.0 	1
3562.0	107.0 	5
498.0	1007.0 	3
577.0	3158.0 	2
2350.0	1099.0 	7
3489.0	4564.0 	6
4889.0	580.0 	5
2305.0	4573.0 	2
1543.0	1485.0 	7
1538.0	2874.0 	1
2582.0	4693.0 	6
2590.0	3238.0 	1
3707.0	701.0 	5
1611.0	1693.0 	7
2502.0	4999.0 	6
3988.0	3233.0 	6
3727.0	2913.0 	6
1031.0	4564.0 	2
1551.0	145.0 	7
3465.0	1583.0 	5
1520.0	1861.0 	4
1410.0	2843.0 	1
1269.0	3907.0 	2
2957.0	4112.0 	6
4690.0	4068.0 	6
397.0	2374.0 	4
2792.0	4390.0 	6
1610.0	1963.0 	4
3886.0	2615.0 	6
4427.0	77.0 	5
4069.0	4721.0 	6
149.0	4144.0 	2
1529.0	1849.0 	4
3196.0	4315.0 	6
3485.0	737.0 	5
2412.0	4878.0 	6
1602.0	4777.0 	2
2985.0	2702.0 	1
2294.0	3406.0 	1
4544.0	4108.0 	6
1342.0	2628.0 	1
1105.0	4004.0 	2
598.0	1257.0 	4
4643.0	2245.0 	5
1234.0	3975.0 	2
2533.0	4923.0 	6
3965.0	150.0 	5
4004.0	3483.0 	6
2958.0	2727.0 	1
3071.0	2682.0 	1
2855.0	4492.0 	6
780.0	1832.0 	4
4822.0	4521.0 	6
1882.0	457.0 	7
1400.0	4735.0 	2
2634.0	1523.0 	7
63.0	3588.0 	2
4437.0	2214.0 	5
3054.0	117.0 	7
2918.0	4609.0 	6
3108.0	1067.0 	5
3798.0	4440.0 	6
1515.0	2584.0 	1
4494.0	3626.0 	6
1690.0	3601.0 	2
1097.0	2458.0 	4
2302.0	1356.0 	7
2161.0	849.0 	7
1807.0	2784.0 	1
680.0	2614.0 	4
958.0	1924.0 	4
1179.0	1835.0 	4
1411.0	4199.0 	2
2969.0	1593.0 	5
3081.0	4300.0 	6
3719.0	4919.0 	6
3841.0	1037.0 	5
2137.0	1120.0 	7
2534.0	4967.0 	6
3886.0	1090.0 	5
2127.0	1296.0 	7
359.0	3681.0 	2
1544.0	4316.0 	2
2578.0	2768.0 	1
1404.0	669.0 	7
1281.0	2960.0 	2
3120.0	4138.0 	6
2840.0	557.0 	7
4014.0	1463.0 	5
3691.0	3808.0 	6
4098.0	1145.0 	5
3900.0	1473.0 	5
105.0	410.0 	3
4417.0	1683.0 	5
4783.0	169.0 	5
1989.0	1410.0 	7
337.0	3866.0 	2
4537.0	3853.0 	6
4595.0	517.0 	5
2779.0	3498.0 	1
1820.0	3646.0 	2
1821.0	3501.0 	1
624.0	1370.0 	4
3884.0	2602.0 	6
3606.0	2083.0 	5
1359.0	1536.0 	4
3601.0	1222.0 	5
3476.0	2173.0 	5
857.0	1808.0 	4
1914.0	116.0 	7
1045.0	3310.0 	2
1630.0	1877.0 	7
3810.0	3690.0 	6
3235.0	2618.0 	1
3161.0	3483.0 	6
3439.0	2158.0 	5
2977.0	3296.0 	1
2783.0	781.0 	7
1115.0	3696.0 	2
599.0	251.0 	3
3428.0	4270.0 	6
4205.0	1775.0 	5
4436.0	4221.0 	6
2855.0	4201.0 	6
2199.0	225.0 	7
1077.0	2655.0 	4
3317.0	2979.0 	1
1691.0	843.0 	7
0.0	4856.0 	2
1090.0	4478.0 	2
3820.0	279.0 	5
4705.0	1420.0 	5
915.0	4568.0 	2
1032.0	431.0 	3
887.0	4260.0 	2
102.0	2341.0 	4
2236.0	343.0 	7
2539.0	4194.0 	6
1063.0	2295.0 	4
2801.0	3743.0 	6
363.0	2939.0 	4
4607.0	1339.0 	5
2111.0	1896.0 	1
4874.0	968.0 	5
2974.0	1217.0 	5
4585.0	4896.0 	6
1558.0	2056.0 	4
3382.0	3301.0 	6
210.0	1693.0 	4
4336.0	2874.0 	6
1231.0	3267.0 	2
4625.0	2230.0 	5
4657.0	4177.0 	6
3540.0	1560.0 	5
4749.0	2457.0 	5
1959.0	1822.0 	7
726.0	1856.0 	4
2919.0	4487.0 	6
3039.0	1021.0 	5
2236.0	1255.0 	7
265.0	203.0 	3
4723.0	4907.0 	6
4040.0	1667.0 	5
1716.0	4446.0 	2
1454.0	540.0 	7
2997.0	4078.0 	6
4768.0	4094.0 	6
3725.0	1829.0 	5
1727.0	714.0 	7
4087.0	167.0 	5
258.0	637.0 	3
242.0	4484.0 	2
1692.0	1907.0 	7
2257.0	4635.0 	2
1535.0	1155.0 	7
2362.0	503.0 	7
1303.0	1686.0 	4
582.0	4520.0 	2
698.0	1002.0 	3
1721.0	871.0 	7
4488.0	4930.0 	6
4985.0	147.0 	5
658.0	2522.0 	4
4454.0	2862.0 	6
1582.0	1963.0 	4
2581.0	4949.0 	6
4444.0	2442.0 	5
650.0	745.0 	3
1579.0	3704.0 	2
1237.0	104.0 	3
4807.0	1744.0 	5
2817.0	339.0 	7
1078.0	3683.0 	2
732.0	685.0 	3
1095.0	2048.0 	4
468.0	1644.0 	4
1044.0	4588.0 	2
203.0	2107.0 	4
1152.0	1485.0 	4
2043.0	1785.0 	7
1854.0	1427.0 	7
363.0	1151.0 	3
609.0	3129.0 	2
4692.0	2054.0 	5
3420.0	1416.0 	5
2723.0	3756.0 	6
3230.0	3868.0 	6
1187.0	2114.0 	4
1754.0	508.0 	7
3498.0	1085.0 	5
769.0	1482.0 	4
2748.0	1052.0 	7
2337.0	2661.0 	1
3001.0	3696.0 	6
2232.0	4068.0 	2
1154.0	2817.0 	4
4139.0	2622.0 	6
4367.0	2769.0 	6
856.0	3006.0 	2
1762.0	4187.0 	2
4791.0	2315.0 	5
1094.0	697.0 	3
698.0	2892.0 	4
4644.0	2959.0 	6
3253.0	4940.0 	6
2813.0	2745.0 	1
810.0	937.0 	3
2933.0	1678.0 	5
135.0	4718.0 	2
4766.0	3561.0 	6
911.0	4617.0 	2
4741.0	1157.0 	5
3217.0	1810.0 	5
3075.0	3683.0 	6
413.0	3602.0 	2
34.0	4337.0 	2
1442.0	1308.0 	7
770.0	4698.0 	2
105.0	1451.0 	4
2274.0	4739.0 	2
1573.0	1389.0 	7
3427.0	993.0 	5
3761.0	1456.0 	5
1377.0	3792.0 	2
2730.0	1204.0 	7
1483.0	3388.0 	2
629.0	1056.0 	3
3423.0	1782.0 	5
1055.0	2480.0 	4
232.0	3550.0 	2
4953.0	2668.0 	5
3862.0	4425.0 	6
2606.0	247.0 	7
271.0	4529.0 	2
3828.0	2963.0 	6
4341.0	4369.0 	6
2077.0	3387.0 	1
4400.0	2271.0 	5
1829.0	3335.0 	1
2726.0	382.0 	7
2382.0	250.0 	7
98.0	225.0 	3
498.0	722.0 	3
1227.0	4942.0 	2
4527.0	4166.0 	6
3944.0	1321.0 	5
345.0	2858.0 	4
2095.0	4148.0 	2
59.0	648.0 	3
596.0	2166.0 	4
374.0	3756.0 	2
728.0	3279.0 	2
1555.0	3509.0 	2
3547.0	4836.0 	6
1097.0	3171.0 	2
927.0	2917.0 	2
4536.0	4012.0 	6
2085.0	177.0 	7
564.0	622.0 	3
4629.0	3302.0 	6
2516.0	2343.0 	1
4640.0	150.0 	5
4160.0	36.0 	5
3622.0	1895.0 	5
3050.0	2611.0 	1
584.0	4574.0 	2
4095.0	765.0 	5
1473.0	3564.0 	2
4630.0	4478.0 	6
181.0	1003.0 	3
2104.0	3464.0 	1
4182.0	3364.0 	6
1720.0	4241.0 	2
3632.0	2135.0 	5
4761.0	3620.0 	6
3286.0	1163.0 	5
1424.0	2145.0 	4
4114.0	4242.0 	6
4924.0	159.0 	5
3258.0	4583.0 	6
4854.0	1642.0 	5
4543.0	4887.0 	6
3408.0	1093.0 	5
2909.0	566.0 	7
1876.0	3485.0 	1
4085.0	4180.0 	6
3009.0	1879.0 	1
681.0	561.0 	3
1564.0	1753.0 	7
2309.0	4358.0 	2
267.0	3447.0 	2
1506.0	2899.0 	1
1249.0	1549.0 	4
1281.0	2456.0 	4
837.0	3915.0 	2
3828.0	2051.0 	5
403.0	822.0 	3
3232.0	1907.0 	5
4060.0	400.0 	5
317.0	1714.0 	4
3830.0	4424.0 	6
4167.0	3063.0 	6
3316.0	1092.0 	5
4234.0	3069.0 	6
2202.0	4702.0 	2
1734.0	338.0 	7
4815.0	508.0 	5
3374.0	1311.0 	5
4336.0	4700.0 	6
919.0	3393.0 	2
3747.0	1890.0 	5
3415.0	3153.0 	6
3574.0	3915.0 	6
2002.0	2303.0 	1
798.0	1759.0 	4
2384.0	2221.0 	1
2064.0	302.0 	7
1860.0	1960.0 	1
4116.0	2564.0 	5
2156.0	3777.0 	1
1186.0	4051.0 	2
1223.0	1473.0 	4
184.0	2493.0 	4
622.0	3123.0 	2
3280.0	2528.0 	1
1751.0	4694.0 	2
4628.0	3303.0 	6
3088.0	1008.0 	5
1822.0	2802.0 	1
4682.0	3141.0 	6
3662.0	1806.0 	5
2128.0	2511.0 	1
1503.0	1058.0 	7
3194.0	4166.0 	6
114.0	3140.0 	2
2219.0	87.0 	7
933.0	2733.0 	4
4275.0	4547.0 	6
3080.0	4040.0 	6
3172.0	75.0 	5
3663.0	3978.0 	6
880.0	4528.0 	2
4227.0	3460.0 	6
65.0	3282.0 	2
4808.0	2057.0 	5
1491.0	3922.0 	2
2526.0	3439.0 	1
1857.0	4918.0 	2
1506.0	2738.0 	1
1998.0	4222.0 	2
3104.0	1084.0 	5
4629.0	4187.0 	6
3298.0	628.0 	5
376.0	2744.0 	4
1257.0	4553.0 	2
1093.0	1880.0 	4
140.0	1320.0 	4
1186.0	771.0 	3
844.0	3029.0 	2
2603.0	2913.0 	1
4217.0	959.0 	5
3196.0	2728.0 	1
4615.0	4901.0 	6
444.0	1335.0 	4
4039.0	297.0 	5
2485.0	350.0 	7
3156.0	1978.0 	5
729.0	4997.0 	2
404.0	4515.0 	2
3000.0	2893.0 	1
4275.0	3236.0 	6
2711.0	1018.0 	7
2159.0	4556.0 	2
3269.0	4621.0 	6
523.0	2999.0 	2
3176.0	2448.0 	1
3432.0	4985.0 	6
3936.0	345.0 	5
4687.0	2457.0 	5
2233.0	2859.0 	1
3779.0	510.0 	5
1553.0	3906.0 	2
3789.0	3505.0 	6
681.0	4039.0 	2
586.0	4254.0 	2
3905.0	3.0 	5
1099.0	4736.0 	2
3325.0	3338.0 	6
2315.0	2959.0 	1
4225.0	342.0 	5
3880.0	146.0 	5
3013.0	3074.0 	1
4857.0	1949.0 	5
1141.0	59.0 	3
3480.0	2780.0 	1
506.0	2762.0 	4
929.0	2862.0 	4
1750.0	2468.0 	1
14.0	3660.0 	2
1772.0	3262.0 	1
2098.0	3191.0 	1
2403.0	932.0 	7
4431.0	4353.0 	6
3458.0	4525.0 	6
4262.0	3360.0 	6
3089.0	3123.0 	1
1077.0	3415.0 	2
3914.0	1030.0 	5
4610.0	2325.0 	5
1890.0	2246.0 	1
4563.0	997.0 	5
62.0	2716.0 	4
3678.0	3714.0 	6
1613.0	4927.0 	2
4553.0	1583.0 	5
1115.0	2727.0 	4
2168.0	3523.0 	1
2833.0	3698.0 	6
3919.0	2808.0 	6
1237.0	4045.0 	2
531.0	404.0 	3
4513.0	4400.0 	6
1440.0	138.0 	3
3120.0	1965.0 	5
4160.0	1766.0 	5
4683.0	4562.0 	6
842.0	1836.0 	4
4158.0	82.0 	5
4660.0	1969.0 	5
4912.0	4788.0 	6
994.0	3512.0 	2
4010.0	1968.0 	5
3296.0	4489.0 	6
525.0	4416.0 	2
1216.0	2474.0 	4
2248.0	890.0 	7
270.0	4308.0 	2
1915.0	149.0 	7
46.0	2461.0 	4
3539.0	2745.0 	1
4209.0	1336.0 	5
3146.0	1193.0 	5
429.0	1403.0 	4
2084.0	535.0 	7
622.0	4546.0 	2
4486.0	4635.0 	6
3796.0	4201.0 	6
2651.0	4963.0 	6
2843.0	1447.0 	7
3273.0	1870.0 	5
3052.0	3776.0 	6
4098.0	709.0 	5
1474.0	3425.0 	2
2620.0	3040.0 	1
1024.0	1504.0 	4
652.0	4280.0 	2
2547.0	1517.0 	7
4858.0	3802.0 	6
227.0	2721.0 	4
4568.0	1647.0 	5
261.0	664.0 	3
1957.0	1444.0 	7
2618.0	2198.0 	1
1144.0	3444.0 	2
1947.0	97.0 	7
960.0	1033.0 	3
3694.0	3712.0 	6
961.0	205.0 	3
4465.0	2812.0 	6
3884.0	1464.0 	5
3939.0	910.0 	5
3906.0	3152.0 	6
3576.0	2592.0 	1
1116.0	3494.0 	2
4859.0	2187.0 	5
521.0	1537.0 	4
1196.0	365.0 	3
1518.0	2113.0 	4
3543.0	2854.0 	6
4834.0	372.0 	5
241.0	3287.0 	2
2512.0	1791.0 	1
504.0	2992.0 	2
106.0	116.0 	3
637.0	4420.0 	2
4944.0	36.0 	5
4148.0	1136.0 	5
1896.0	1556.0 	7
3012.0	1496.0 	5
4414.0	814.0 	5
1623.0	3501.0 	2
4626.0	3802.0 	6
2993.0	481.0 	7
438.0	3290.0 	2
1541.0	232.0 	7
4885.0	1756.0 	5
1374.0	2371.0 	4
2332.0	662.0 	7
2037.0	4201.0 	2
4493.0	2998.0 	6
4480.0	3744.0 	6
2649.0	4599.0 	6
4303.0	3479.0 	6
1401.0	2092.0 	4
622.0	4985.0 	2
289.0	2426.0 	4
2068.0	416.0 	7
918.0	1776.0 	4
3290.0	3274.0 	6
1970.0	990.0 	7
1655.0	1828.0 	7
3678.0	4337.0 	6
1921.0	453.0 	7
3203.0	4473.0 	6
4581.0	3853.0 	6
1767.0	448.0 	7
3194.0	4013.0 	6
915.0	2385.0 	4
963.0	4448.0 	2
4691.0	3174.0 	6
881.0	3595.0 	2
3797.0	1240.0 	5
1020.0	497.0 	3
2768.0	1453.0 	7
3841.0	1974.0 	5
3461.0	828.0 	5
4758.0	4178.0 	6
3028.0	512.0 	7
4063.0	4593.0 	6
1794.0	2594.0 	1
4420.0	2179.0 	5
1342.0	2183.0 	4
4684.0	4631.0 	6
4794.0	498.0 	5
3812.0	2127.0 	5
2895.0	2777.0 	1
197.0	545.0 	3
4987.0	1362.0 	5
4959.0	4165.0 	6
2841.0	1306.0 	7
4933.0	1497.0 	5
1650.0	1105.0 	7
4269.0	3222.0 	6
3329.0	3935.0 	6
1111.0	2482.0 	4
4617.0	1363.0 	5
1525.0	3546.0 	2
136.0	4371.0 	2
2811.0	4161.0 	6
3450.0	4792.0 	6
493.0	4509.0 	2
3724.0	4377.0 	6
4358.0	4255.0 	6
3817.0	4880.0 	6
1703.0	1589.0 	7
1193.0	406.0 	3
2160.0	4006.0 	2
1381.0	4609.0 	2
2792.0	2802.0 	1
391.0	2967.0 	4
2420.0	4505.0 	6
3111.0	1394.0 	5
3834.0	444.0 	5
1688.0	1887.0 	7
2030.0	4046.0 	2
2782.0	1743.0 	1
4407.0	625.0 	5
1277.0	2829.0 	1
2612.0	94.0 	7
3216.0	1678.0 	5
313.0	1188.0 	3
4209.0	3159.0 	6
4766.0	902.0 	5
171.0	1921.0 	4
1205.0	1131.0 	7
2814.0	215.0 	7
4273.0	2865.0 	6
3631.0	1220.0 	5
4118.0	2729.0 	6
4934.0	2813.0 	6
1174.0	451.0 	3
2072.0	3064.0 	1
2331.0	1030.0 	7
4601.0	290.0 	5
1369.0	1812.0 	4
1144.0	3270.0 	2
1177.0	3500.0 	2
4569.0	1534.0 	5
2781.0	3672.0 	6
3185.0	4431.0 	6
1911.0	4503.0 	2
3357.0	2235.0 	1
796.0	3053.0 	2
1463.0	1308.0 	7
4779.0	597.0 	5
3713.0	2340.0 	5
829.0	2644.0 	4
3438.0	4447.0 	6
3596.0	62.0 	5
2271.0	39.0 	7
218.0	4150.0 	2
4409.0	2837.0 	6
987.0	1080.0 	3
2942.0	3535.0 	6
4753.0	1302.0 	5
2454.0	467.0 	7
1217.0	351.0 	3
587.0	1886.0 	4
3536.0	3265.0 	6
238.0	3126.0 	2
2436.0	2590.0 	1
1517.0	1562.0 	7
2941.0	804.0 	7
322.0	2929.0 	4
3304.0	4028.0 	6
3976.0	1468.0 	5
2473.0	4612.0 	6
1791.0	2155.0 	1
591.0	4401.0 	2
1410.0	2151.0 	4
3040.0	248.0 	7
4309.0	2096.0 	5
4920.0	3199.0 	6
1742.0	368.0 	7
3463.0	3913.0 	6
3576.0	3937.0 	6
2639.0	1106.0 	7
1852.0	123.0 	7
805.0	2374.0 	4
3847.0	796.0 	5
3536.0	659.0 	5
1423.0	2083.0 	4
4502.0	3725.0 	6
3478.0	3833.0 	6
1755.0	2136.0 	1
4532.0	349.0 	5
459.0	3064.0 	2
37.0	4302.0 	2
408.0	3733.0 	2
4039.0	986.0 	5
325.0	2248.0 	4
1635.0	984.0 	7
28.0	2044.0 	4
4398.0	792.0 	5
2557.0	3030.0 	1
902.0	1954.0 	4
1447.0	4256.0 	2
2252.0	3928.0 	1
1891.0	27.0 	7
4792.0	926.0 	5
4410.0	3067.0 	6
178.0	80.0 	3
2555.0	1587.0 	7
4269.0	412.0 	5
2084.0	2382.0 	1
1963.0	3725.0 	2
4711.0	4529.0 	6
3529.0	1091.0 	5
1647.0	3550.0 	2
2664.0	274.0 	7
2877.0	468.0 	7
1826.0	2529.0 	1
2314.0	3616.0 	1
846.0	3988.0 	2
3295.0	2629.0 	1
3408.0	4987.0 	6
848.0	1337.0 	4
3028.0	3764.0 	6
472.0	4475.0 	2
2333.0	4762.0 	2
3226.0	4613.0 	6
3608.0	4369.0 	6
1395.0	21.0 	3
937.0	475.0 	3
2323.0	375.0 	7
3076.0	3199.0 	1
3422.0	4591.0 	6
4433.0	3866.0 	6
4817.0	3073.0 	6
2835.0	2789.0 	1
3546.0	3208.0 	6
4651.0	1769.0 	5
948.0	3082.0 	2
2832.0	725.0 	7
3771.0	1724.0 	5
1143.0	66.0 	3
2641.0	324.0 	7
2899.0	4031.0 	6
3545.0	4274.0 	6
3148.0	2682.0 	1
1380.0	3252.0 	2
314.0	1138.0 	3
733.0	454.0 	3
2865.0	4331.0 	6
2695.0	4979.0 	6
2403.0	3728.0 	1
4836.0	1840.0 	5
4331.0	2062.0 	5
102.0	27.0 	3
522.0	3163.0 	2
3029.0	1320.0 	5
1947.0	3434.0 	1
3701.0	4478.0 	6
1682.0	3658.0 	2
806.0	4.0 	3
3384.0	1376.0 	5
3636.0	3439.0 	6
2103.0	179.0 	7
3145.0	2572.0 	1
2151.0	3616.0 	1
1954.0	378.0 	7
697.0	4714.0 	2
733.0	4560.0 	2
845.0	432.0 	3
3382.0	2640.0 	1
953.0	1375.0 	4
718.0	4235.0 	2
3663.0	386.0 	5
1949.0	2950.0 	1
2797.0	4525.0 	6
1041.0	1248.0 	4
4998.0	785.0 	5
99.0	1791.0 	4
2169.0	4035.0 	2
3791.0	3700.0 	6
2763.0	2779.0 	1
2396.0	760.0 	7
1614.0	1322.0 	7
2621.0	451.0 	7
2385.0	293.0 	7
3866.0	4790.0 	6
1843.0	2187.0 	1
3449.0	2341.0 	1
1939.0	763.0 	7
720.0	466.0 	3
2050.0	1513.0 	7
3312.0	3251.0 	6
1188.0	2057.0 	4
3123.0	1969.0 	5
3110.0	4515.0 	6
4547.0	3170.0 	6
1322.0	3067.0 	2
4625.0	1565.0 	5
1370.0	1247.0 	7
2365.0	2186.0 	1
4921.0	2178.0 	5
1517.0	3700.0 	2
78.0	4990.0 	2
2550.0	3993.0 	6
3518.0	2962.0 	6
2852.0	1570.0 	7
3195.0	4578.0 	6
3114.0	4792.0 	6
1735.0	4015.0 	2
1198.0	3137.0 	2
4112.0	1066.0 	5
409.0	4776.0 	2
4907.0	3234.0 	6
2779.0	540.0 	7
3286.0	928.0 	5
3953.0	2738.0 	6
3302.0	1219.0 	5
1392.0	4976.0 	2
2740.0	2896.0 	1
3926.0	146.0 	5
2713.0	685.0 	7
1883.0	1984.0 	1
427.0	3604.0 	2
3222.0	4680.0 	6
2353.0	4213.0 	2
2484.0	864.0 	7
570.0	1036.0 	3
2508.0	1779.0 	1
523.0	4703.0 	2
3977.0	2255.0 	5
2402.0	1544.0 	7
4127.0	85.0 	5
1853.0	63.0 	7
1423.0	131.0 	3
2493.0	2076.0 	1
1590.0	2226.0 	1
4745.0	4915.0 	6
312.0	4145.0 	2
2906.0	4769.0 	6
782.0	3461.0 	2
1529.0	2347.0 	1
809.0	2079.0 	4
1129.0	4793.0 	2
313.0	535.0 	3
4075.0	2940.0 	6
4858.0	2628.0 	5
1045.0	1910.0 	4
1891.0	1983.0 	1
780.0	371.0 	3
3511.0	377.0 	5
4349.0	1396.0 	5
3381.0	3743.0 	6
3311.0	3079.0 	6
4090.0	4069.0 	6
2739.0	2613.0 	1
4173.0	4204.0 	6
35.0	3142.0 	2
2311.0	2267.0 	1
3338.0	4731.0 	6
3226.0	4684.0 	6
1903.0	1618.0 	7
519.0	3700.0 	2
3866.0	1319.0 	5
3901.0	151.0 	5
2464.0	1764.0 	7
1015.0	2058.0 	4
890.0	498.0 	3
2480.0	929.0 	7
4296.0	1057.0 	5
4201.0	4422.0 	6
4673.0	3840.0 	6
2709.0	3206.0 	1
480.0	4814.0 	2
2711.0	1703.0 	7
270.0	3298.0 	2
716.0	856.0 	3
254.0	810.0 	3
321.0	1710.0 	4
3843.0	3084.0 	6
413.0	1609.0 	4
3234.0	4143.0 	6
395.0	1863.0 	4
380.0	642.0 	3
518.0	1185.0 	3
1871.0	4133.0 	2
1916.0	870.0 	7
3174.0	1125.0 	5
2281.0	873.0 	7
1415.0	4856.0 	2
3889.0	2587.0 	5
3033.0	4021.0 	6
2125.0	374.0 	7
855.0	3303.0 	2
4432.0	904.0 	5
3320.0	3378.0 	6
4856.0	344.0 	5
4231.0	1748.0 	5
1261.0	2390.0 	4
635.0	1544.0 	4
156.0	361.0 	3
3817.0	625.0 	5
292.0	487.0 	3
1323.0	1619.0 	4
4420.0	2517.0 	5
418.0	2693.0 	4
2121.0	335.0 	7
2461.0	3545.0 	1
2719.0	3640.0 	1
3436.0	2501.0 	1
3925.0	881.0 	5
1879.0	4354.0 	2
1816.0	1647.0 	7
3460.0	3029.0 	6
3606.0	285.0 	5
2310.0	4839.0 	2
1312.0	3546.0 	2
4475.0	4081.0 	6
155.0	4093.0 	2
4458.0	2179.0 	5
138.0	317.0 	3
4829.0	399.0 	5
4709.0	4081.0 	6
1105.0	1722.0 	4
2628.0	4124.0 	6
496.0	634.0 	3
1625.0	4634.0 	2
1783.0	24.0 	7
1292.0	3985.0 	2
4637.0	3587.0 	6
1725.0	3189.0 	1
801.0	3905.0 	2
2609.0	1944.0 	1
2835.0	544.0 	7
4402.0	1393.0 	5
2616.0	4329.0 	6
1494.0	2483.0 	1
2559.0	3193.0 	1
2766.0	1439.0 	7
2767.0	294.0 	7
1658.0	3553.0 	2
1213.0	3431.0 	2
500.0	2467.0 	4
4854.0	1885.0 	5
1991.0	1416.0 	7
2309.0	3232.0 	1
969.0	2020.0 	4
4345.0	2767.0 	6
3700.0	4226.0 	6
1854.0	3050.0 	1
2474.0	4024.0 	1
1808.0	4446.0 	2
4589.0	862.0 	5
3005.0	159.0 	7
3712.0	1618.0 	5
2459.0	3590.0 	1
3618.0	2640.0 	1
2369.0	4148.0 	1
2306.0	1696.0 	7
3770.0	3121.0 	6
354.0	138.0 	3
1048.0	736.0 	3
2135.0	1712.0 	7
1285.0	4556.0 	2
2566.0	4642.0 	6
858.0	1654.0 	4
4644.0	2205.0 	5
1014.0	1935.0 	4
1091.0	712.0 	3
3460.0	2275.0 	5
2126.0	1413.0 	7
4430.0	2099.0 	5
382.0	915.0 	3
641.0	3969.0 	2
3202.0	805.0 	5
1315.0	369.0 	3
1576.0	4385.0 	2
976.0	1927.0 	4
4599.0	1207.0 	5
2700.0	3323.0 	1
3940.0	327.0 	5
368.0	1793.0 	4
810.0	1583.0 	4
1898.0	1476.0 	7
4401.0	619.0 	5
1757.0	179.0 	7
2876.0	7.0 	7
931.0	4045.0 	2
4202.0	4677.0 	6
26.0	2077.0 	4
4929.0	4429.0 	6
2679.0	1868.0 	1
4300.0	3215.0 	6
3910.0	2871.0 	6
2826.0	1708.0 	7
3519.0	3054.0 	6
2952.0	2035.0 	1
4669.0	2601.0 	5
866.0	2487.0 	4
2776.0	1647.0 	7
1291.0	4600.0 	2
4313.0	592.0 	5
1660.0	1959.0 	1
1055.0	3463.0 	2
3968.0	2484.0 	5
2097.0	1449.0 	7
999.0	3830.0 	2
2298.0	4693.0 	2
198.0	2509.0 	4
4362.0	657.0 	5
2730.0	1884.0 	1
3854.0	967.0 	5
2257.0	3867.0 	1
2834.0	3357.0 	1
400.0	3393.0 	2
1709.0	1367.0 	7
4198.0	3993.0 	6
4196.0	1981.0 	5
4671.0	3487.0 	6
4033.0	3693.0 	6
4772.0	40.0 	5
1840.0	4833.0 	2
1390.0	4998.0 	2
1247.0	248.0 	3
4470.0	2971.0 	6
4394.0	2033.0 	5
4476.0	3454.0 	6
1164.0	4087.0 	2
1741.0	1972.0 	1
3158.0	2544.0 	1
4917.0	994.0 	5
694.0	4439.0 	2
1524.0	3458.0 	2
3530.0	813.0 	5
706.0	4798.0 	2
1638.0	2143.0 	1
4754.0	877.0 	5
72.0	677.0 	3
2811.0	3511.0 	1
408.0	2154.0 	4
3801.0	1010.0 	5
2298.0	3451.0 	1
1137.0	3320.0 	2
3554.0	2133.0 	5
1476.0	1149.0 	7
578.0	1251.0 	4
2815.0	3573.0 	1
1298.0	610.0 	3
1486.0	2653.0 	1
2527.0	875.0 	7
3893.0	4703.0 	6
3473.0	4309.0 	6
1890.0	1232.0 	7
3567.0	878.0 	5
3078.0	1230.0 	5
3127.0	4372.0 	6
1524.0	2752.0 	1
3547.0	2433.0 	5
781.0	400.0 	3
84.0	3918.0 	2
1873.0	171.0 	7
710.0	899.0 	3
276.0	3276.0 	2
3546.0	3416.0 	6
2660.0	3334.0 	1
4291.0	3199.0 	6
3163.0	2789.0 	1
3692.0	57.0 	5
338.0	4997.0 	2
2799.0	1070.0 	7
1505.0	4102.0 	2
3744.0	2161.0 	5
2214.0	4586.0 	2
598.0	1151.0 	3
1243.0	1253.0 	7
2081.0	3718.0 	1
2582.0	3287.0 	1
1368.0	886.0 	7
4137.0	266.0 	5
609.0	771.0 	3
4736.0	716.0 	5
800.0	3109.0 	2
4043.0	68.0 	5
1496.0	2852.0 	1
251.0	2451.0 	4
2792.0	4228.0 	6
4551.0	2328.0 	5
4998.0	2724.0 	6
4907.0	1740.0 	5
1952.0	2685.0 	1
1418.0	524.0 	7
1740.0	4878.0 	2
1125.0	2162.0 	4
4501.0	444.0 	5
2128.0	1199.0 	7
1253.0	669.0 	3
1898.0	3090.0 	1
3163.0	660.0 	5
1465.0	4994.0 	2
3540.0	3161.0 	6
2436.0	3471.0 	1
1516.0	966.0 	7
4938.0	1965.0 	5
652.0	3556.0 	2
2369.0	1043.0 	7
4619.0	2009.0 	5
4967.0	4962.0 	6
547.0	97.0 	3
3386.0	1834.0 	5
1140.0	4810.0 	2
4457.0	3818.0 	6
4702.0	2227.0 	5
4761.0	2761.0 	6
1522.0	733.0 	7
1930.0	1117.0 	7
1292.0	2230.0 	4
3987.0	381.0 	5
547.0	4960.0 	2
4840.0	534.0 	5
2128.0	2006.0 	1
4739.0	617.0 	5
3467.0	4346.0 	6
3621.0	813.0 	5
2162.0	4193.0 	2
178.0	2783.0 	4
4184.0	2562.0 	5
3573.0	2475.0 	1
4123.0	4097.0 	6
1405.0	4279.0 	2
2987.0	1650.0 	5
4674.0	4664.0 	6
2379.0	4155.0 	6
1605.0	2273.0 	1
4936.0	3005.0 	6
3353.0	2523.0 	1
2218.0	897.0 	7
4051.0	2118.0 	5
3865.0	1831.0 	5
1172.0	1940.0 	4
3826.0	1335.0 	5
3033.0	3660.0 	6
4322.0	627.0 	5
4536.0	4430.0 	6
129.0	4727.0 	2
3892.0	2565.0 	5
230.0	1909.0 	4
3738.0	3246.0 	6
2944.0	694.0 	7
145.0	1944.0 	4
1843.0	2688.0 	1
4748.0	146.0 	5
3567.0	3624.0 	6
2904.0	3509.0 	1
2678.0	850.0 	7
839.0	3377.0 	2
1375.0	694.0 	7
4271.0	4688.0 	6
2119.0	4727.0 	2
713.0	2135.0 	4
4347.0	4573.0 	6
1833.0	3174.0 	1
4061.0	1511.0 	5
1594.0	3002.0 	1
2281.0	1909.0 	1
3300.0	3410.0 	6
4189.0	4781.0 	6
454.0	4673.0 	2
1602.0	3503.0 	2
1131.0	562.0 	3
4344.0	1672.0 	5
3865.0	4734.0 	6
3740.0	1908.0 	5
4485.0	54.0 	5
1750.0	4110.0 	2
3522.0	1931.0 	5
2150.0	437.0 	7
1315.0	1117.0 	7
3116.0	1439.0 	5
650.0	1533.0 	4
3389.0	3882.0 	6
3214.0	500.0 	5
1154.0	0.0 	3
4854.0	3034.0 	6
4918.0	1548.0 	5
2574.0	826.0 	7
1368.0	144.0 	3
2062.0	3282.0 	1
4794.0	4209.0 	6
4461.0	1189.0 	5
472.0	205.0 	3
3768.0	1506.0 	5
1289.0	1729.0 	4
2527.0	4134.0 	6
835.0	4743.0 	2
1802.0	589.0 	7
2602.0	1330.0 	7
4205.0	2513.0 	5
2201.0	3145.0 	1
985.0	2610.0 	4
1254.0	1334.0 	7
3246.0	2773.0 	1
1631.0	1559.0 	7
2473.0	533.0 	7
250.0	2320.0 	4
3605.0	4942.0 	6
4166.0	672.0 	5
1328.0	2653.0 	1
107.0	1086.0 	3
3293.0	4581.0 	6
2974.0	1891.0 	1
598.0	2575.0 	4
2150.0	1591.0 	7
2103.0	2339.0 	1
1771.0	2479.0 	1
2835.0	1473.0 	7
3110.0	248.0 	5
1619.0	314.0 	7
1499.0	3583.0 	2
312.0	4545.0 	2
1768.0	1990.0 	1
2885.0	1792.0 	1
2037.0	121.0 	7
2223.0	4266.0 	2
4039.0	2943.0 	6
1540.0	2981.0 	1
990.0	2445.0 	4
1680.0	864.0 	7
4973.0	2005.0 	5
2017.0	788.0 	7
3305.0	766.0 	5
3758.0	1735.0 	5
2898.0	4577.0 	6
4067.0	2590.0 	5
4440.0	4488.0 	6
3746.0	2340.0 	5
717.0	124.0 	3
2782.0	2508.0 	1
839.0	2050.0 	4
1583.0	242.0 	7
4574.0	4432.0 	6
3904.0	3509.0 	6
4407.0	4512.0 	6
1234.0	1463.0 	4
2666.0	4667.0 	6
1952.0	1689.0 	7
2991.0	1562.0 	5
680.0	3768.0 	2
76.0	4616.0 	2
1122.0	1686.0 	4
2342.0	4587.0 	2
249.0	4405.0 	2
13.0	3147.0 	2
2192.0	2674.0 	1
2040.0	2986.0 	1
3873.0	2906.0 	6
2178.0	2656.0 	1
4327.0	4889.0 	6
1187.0	137.0 	3
4669.0	2244.0 	5
1351.0	3230.0 	2
1204.0	1987.0 	4
4325.0	227.0 	5
320.0	2217.0 	4
1803.0	706.0 	7
4381.0	641.0 	5
2407.0	1178.0 	7
2412.0	2747.0 	1
979.0	1159.0 	3
768.0	1054.0 	3
1546.0	4256.0 	2
2936.0	1447.0 	5
581.0	966.0 	3
1755.0	1509.0 	7
2628.0	3304.0 	1
3755.0	3909.0 	6
2245.0	3321.0 	1
2238.0	3340.0 	1
4822.0	3245.0 	6
126.0	2323.0 	4
736.0	1237.0 	4
4771.0	64.0 	5
42.0	4793.0 	2
90.0	93.0 	3
3344.0	3794.0 	6
3824.0	3155.0 	6
2783.0	3305.0 	1
210.0	2353.0 	4
1132.0	4106.0 	2
624.0	930.0 	3
4537.0	1124.0 	5
1483.0	764.0 	7
2908.0	850.0 	7
1916.0	88.0 	7
4537.0	1873.0 	5
4658.0	4867.0 	6
1312.0	261.0 	3
3095.0	2817.0 	1
2069.0	298.0 	7
123.0	4554.0 	2
4373.0	2672.0 	6
3524.0	2564.0 	1
2593.0	1945.0 	1
1649.0	1071.0 	7
4473.0	0.0 	5
1415.0	3052.0 	1
2685.0	3966.0 	6
2075.0	3896.0 	2
3576.0	3029.0 	6
1229.0	2669.0 	4
175.0	1461.0 	4
4784.0	4707.0 	6
1521.0	988.0 	7
3699.0	3532.0 	6
2824.0	4938.0 	6
1447.0	4139.0 	2
3626.0	2029.0 	5
3527.0	1188.0 	5
4997.0	2421.0 	5
2228.0	4291.0 	2
3218.0	2398.0 	1
2909.0	1596.0 	5
228.0	2969.0 	4
605.0	1976.0 	4
3301.0	3918.0 	6
4269.0	2072.0 	5
990.0	1380.0 	4
4382.0	2120.0 	5
1091.0	4917.0 	2
130.0	4896.0 	2
4593.0	1854.0 	5
639.0	3592.0 	2
2189.0	581.0 	7
1678.0	2373.0 	1
545.0	4706.0 	2
2621.0	4028.0 	6
1495.0	2763.0 	1
597.0	1186.0 	3
2735.0	1620.0 	7
4737.0	623.0 	5
4809.0	2774.0 	6
1179.0	1528.0 	4
3027.0	4022.0 	6
4476.0	3755.0 	6
3864.0	1589.0 	5
3729.0	2726.0 	6
4156.0	2611.0 	5
2253.0	120.0 	7
1605.0	2074.0 	1
2599.0	4524.0 	6
4207.0	400.0 	5
4343.0	2167.0 	5
3362.0	4101.0 	6
1982.0	1801.0 	7
1700.0	1850.0 	7
3360.0	3425.0 	6
1899.0	2358.0 	1
131.0	2825.0 	4
2413.0	1110.0 	7
619.0	2803.0 	4
860.0	3474.0 	2
2647.0	1926.0 	1
3758.0	2970.0 	6
4909.0	1463.0 	5
442.0	708.0 	3
1290.0	1211.0 	7
2137.0	251.0 	7
3616.0	2815.0 	6
3164.0	986.0 	5
550.0	825.0 	3
2527.0	4796.0 	6
2101.0	1515.0 	7
1376.0	1748.0 	4
4952.0	765.0 	5
4806.0	622.0 	5
4644.0	304.0 	5
4816.0	2699.0 	6
1501.0	788.0 	7
1756.0	800.0 	7
2617.0	3729.0 	1
3294.0	217.0 	5
2372.0	4736.0 	6
4714.0	3924.0 	6
324.0	2981.0 	4
3361.0	2203.0 	5
4726.0	4383.0 	6
620.0	1160.0 	3
575.0	2041.0 	4
3441.0	815.0 	5
4717.0	2238.0 	5
3773.0	1203.0 	5
2718.0	3276.0 	1
2489.0	708.0 	7
630.0	2856.0 	4
1823.0	1464.0 	7
557.0	3122.0 	2
1690.0	2983.0 	1
4736.0	4653.0 	6
3850.0	4609.0 	6
506.0	2607.0 	4
3667.0	3156.0 	6
2302.0	1177.0 	7
4499.0	3776.0 	6
474.0	73.0 	3
3991.0	946.0 	5
3045.0	3739.0 	6
1877.0	3858.0 	2
2524.0	2693.0 	1
2766.0	1140.0 	7
4955.0	4696.0 	6
2592.0	639.0 	7
2927.0	546.0 	7
4797.0	2089.0 	5
4923.0	4175.0 	6
891.0	2052.0 	4
4509.0	4851.0 	6
3894.0	2164.0 	5
500.0	1025.0 	3
1858.0	2962.0 	1
829.0	96.0 	3
1.0	2513.0 	4
267.0	888.0 	3
1959.0	2483.0 	1
4627.0	3588.0 	6
3108.0	686.0 	5
1710.0	3315.0 	1
3435.0	3701.0 	6
1274.0	1185.0 	7
1386.0	2022.0 	4
2521.0	3679.0 	1
3161.0	2048.0 	1
1478.0	2807.0 	1
1187.0	603.0 	3
2378.0	4128.0 	1
4980.0	475.0 	5
4178.0	4623.0 	6
323.0	818.0 	3
2372.0	639.0 	7
396.0	3011.0 	2
1518.0	1378.0 	7
4744.0	352.0 	5
1292.0	1229.0 	7
3605.0	2932.0 	6
4429.0	1213.0 	5
59.0	2219.0 	4
2124.0	4989.0 	2
4670.0	3370.0 	6
3833.0	4462.0 	6
3921.0	307.0 	5
2078.0	3711.0 	1
4695.0	2294.0 	5
1825.0	4258.0 	2
4567.0	3245.0 	6
1800.0	1554.0 	7
4852.0	1869.0 	5
2946.0	2338.0 	1
627.0	3297.0 	2
2620.0	2077.0 	1
2219.0	4894.0 	2
1714.0	209.0 	7
1639.0	2734.0 	1
1104.0	4653.0 	2
1041.0	3934.0 	2
37.0	2781.0 	4
309.0	1279.0 	4
3461.0	2460.0 	1
1411.0	3274.0 	2
1605.0	3396.0 	2
2249.0	2026.0 	1
789.0	2729.0 	4
2273.0	276.0 	7
3517.0	1222.0 	5
4075.0	1364.0 	5
1935.0	1306.0 	7
1497.0	3791.0 	2
778.0	1498.0 	4
1336.0	2667.0 	1
3746.0	4649.0 	6
398.0	1289.0 	4
2550.0	1109.0 	7
2671.0	3204.0 	1
1748.0	4271.0 	2
759.0	933.0 	3
1468.0	1425.0 	7
3716.0	3130.0 	6
1645.0	3979.0 	2
4990.0	4582.0 	6
3745.0	550.0 	5
4629.0	3316.0 	6
1438.0	1012.0 	7
212.0	4210.0 	2
4775.0	3908.0 	6
4933.0	2910.0 	6
4524.0	3146.0 	6
4021.0	4882.0 	6
4622.0	1250.0 	5
2060.0	392.0 	7
750.0	4687.0 	2
1536.0	4662.0 	2
1298.0	4406.0 	2
4298.0	4002.0 	6
4629.0	4727.0 	6
3645.0	2426.0 	5
1446.0	2511.0 	1
444.0	3719.0 	2
1344.0	2876.0 	1
553.0	3174.0 	2
2567.0	632.0 	7
4245.0	2159.0 	5
3881.0	83.0 	5
4452.0	4234.0 	6
2416.0	100.0 	7
516.0	4795.0 	2
2396.0	3387.0 	1
4784.0	2972.0 	6
1921.0	3830.0 	2
2045.0	4327.0 	2
3156.0	2136.0 	1
1778.0	4764.0 	2
1749.0	4745.0 	2
2128.0	4907.0 	2
3691.0	3753.0 	6
79.0	4511.0 	2
3672.0	3653.0 	6
3425.0	4730.0 	6
3075.0	3620.0 	6
4889.0	998.0 	5
44.0	3314.0 	2
4798.0	1940.0 	5
1899.0	4139.0 	2
1865.0	4028.0 	2
2019.0	1301.0 	7
1249.0	637.0 	3
527.0	2137.0 	4
1355.0	4496.0 	2
3934.0	2369.0 	5
728.0	3510.0 	2
4317.0	3784.0 	6
3912.0	3162.0 	6
4378.0	4376.0 	6
520.0	2786.0 	4
4601.0	3553.0 	6
489.0	2705.0 	4
3982.0	2062.0 	5
1280.0	4204.0 	2
2178.0	720.0 	7
3194.0	3519.0 	6
3362.0	3904.0 	6
3770.0	3952.0 	6
3404.0	4670.0 	6
4999.0	3483.0 	6
1300.0	3336.0 	2
59.0	1856.0 	4
2673.0	3642.0 	1
3452.0	1461.0 	5
4068.0	2330.0 	5
1900.0	4454.0 	2
2497.0	2440.0 	1
1863.0	3001.0 	1
1047.0	4969.0 	2
2123.0	4459.0 	2
596.0	1030.0 	3
1158.0	3401.0 	2
2532.0	3668.0 	1
4040.0	2339.0 	5
1362.0	3041.0 	2
193.0	484.0 	3
3559.0	4498.0 	6
370.0	3414.0 	2
800.0	1860.0 	4
2427.0	2196.0 	1
4335.0	731.0 	5
4811.0	4143.0 	6
3392.0	3166.0 	6
619.0	2942.0 	4
4618.0	2507.0 	5
3908.0	3156.0 	6
1384.0	79.0 	3
783.0	4669.0 	2
2999.0	2447.0 	1
4576.0	764.0 	5
4816.0	3716.0 	6
2583.0	3324.0 	1
3039.0	2632.0 	1
3103.0	3547.0 	6
2207.0	3050.0 	1
337.0	1700.0 	4
708.0	3737.0 	2
3849.0	3697.0 	6
