1647.0	1323.0 	1
368.0	466.0 	2
531.0	833.0 	3
150.0	1684.0 	4
1817.0	1681.0 	1
536.0	141.0 	2
300.0	547.0 	2
1267.0	510.0 	3
1603.0	1432.0 	1
1724.0	505.0 	1
139.0	168.0 	2
284.0	1838.0 	4
1391.0	1011.0 	1
1289.0	704.0 	1
380.0	86.0 	2
5.0	1280.0 	4
1089.0	191.0 	2
680.0	1094.0 	3
1044.0	528.0 	3
1673.0	905.0 	1
1645.0	448.0 	1
294.0	331.0 	2
435.0	1743.0 	4
1857.0	1399.0 	1
1709.0	232.0 	1
1081.0	1344.0 	1
1073.0	211.0 	2
497.0	734.0 	3
1643.0	1640.0 	1
559.0	1752.0 	4
580.0	1882.0 	4
734.0	440.0 	2
280.0	1752.0 	4
1561.0	1182.0 	1
1092.0	508.0 	3
736.0	314.0 	2
1311.0	1997.0 	1
622.0	1779.0 	4
147.0	408.0 	2
1335.0	1981.0 	1
1006.0	1682.0 	1
761.0	252.0 	2
936.0	20.0 	2
1642.0	1886.0 	1
1196.0	812.0 	3
21.0	887.0 	3
861.0	756.0 	3
1576.0	570.0 	1
666.0	1356.0 	3
149.0	236.0 	2
1024.0	158.0 	2
729.0	18.0 	2
56.0	1327.0 	4
447.0	145.0 	2
1411.0	1622.0 	1
1024.0	1544.0 	1
1863.0	1249.0 	1
1910.0	39.0 	1
1548.0	950.0 	1
1691.0	1439.0 	1
617.0	416.0 	2
1610.0	1681.0 	1
1470.0	1270.0 	1
727.0	1740.0 	4
1893.0	1592.0 	1
359.0	1483.0 	4
11.0	541.0 	2
1429.0	1055.0 	1
1667.0	1257.0 	1
348.0	1723.0 	4
355.0	426.0 	2
144.0	1310.0 	4
1231.0	1711.0 	1
311.0	564.0 	2
1993.0	584.0 	1
484.0	248.0 	2
80.0	1453.0 	4
1295.0	179.0 	2
719.0	775.0 	3
1201.0	1115.0 	1
686.0	839.0 	3
1676.0	409.0 	1
310.0	169.0 	2
1839.0	165.0 	1
1385.0	1235.0 	1
1626.0	64.0 	1
338.0	1025.0 	3
1159.0	1258.0 	1
591.0	1813.0 	4
942.0	1675.0 	1
445.0	747.0 	3
1410.0	1821.0 	1
1919.0	702.0 	1
712.0	1153.0 	3
584.0	61.0 	2
1736.0	1083.0 	1
1815.0	321.0 	1
882.0	1271.0 	3
1296.0	1078.0 	1
398.0	1325.0 	4
716.0	1587.0 	4
713.0	854.0 	3
1972.0	129.0 	1
1725.0	628.0 	1
1684.0	383.0 	1
71.0	1572.0 	4
760.0	668.0 	3
223.0	1391.0 	4
1925.0	339.0 	1
719.0	1889.0 	4
274.0	1911.0 	4
664.0	912.0 	3
55.0	1535.0 	4
1054.0	645.0 	3
1314.0	239.0 	2
765.0	827.0 	3
1883.0	673.0 	1
683.0	727.0 	3
6.0	149.0 	2
1419.0	1420.0 	1
1676.0	1003.0 	1
302.0	1189.0 	3
1678.0	1943.0 	1
1446.0	862.0 	1
1336.0	1777.0 	1
1348.0	313.0 	3
1439.0	1.0 	2
1371.0	1668.0 	1
1283.0	758.0 	1
857.0	916.0 	3
736.0	1573.0 	4
118.0	1458.0 	4
1477.0	284.0 	1
1381.0	1750.0 	1
1060.0	98.0 	2
1481.0	26.0 	2
1839.0	1184.0 	1
1288.0	1868.0 	1
1183.0	539.0 	3
127.0	515.0 	2
1919.0	614.0 	1
100.0	541.0 	2
1751.0	1208.0 	1
1091.0	1236.0 	1
1054.0	1901.0 	1
1616.0	1390.0 	1
1855.0	65.0 	1
794.0	1101.0 	3
1530.0	1012.0 	1
439.0	1110.0 	3
414.0	1998.0 	4
1832.0	1135.0 	1
1910.0	1275.0 	1
313.0	1347.0 	4
1405.0	1871.0 	1
558.0	948.0 	3
1116.0	1610.0 	1
1950.0	1300.0 	1
1170.0	618.0 	3
269.0	1827.0 	4
93.0	33.0 	2
26.0	1713.0 	4
999.0	149.0 	2
632.0	1643.0 	4
1701.0	1634.0 	1
1220.0	1929.0 	1
1816.0	170.0 	1
1205.0	363.0 	3
1994.0	141.0 	1
1203.0	1669.0 	1
891.0	319.0 	2
1340.0	351.0 	3
368.0	206.0 	2
741.0	1826.0 	4
829.0	160.0 	2
363.0	1417.0 	4
1871.0	1382.0 	1
372.0	353.0 	2
541.0	556.0 	2
834.0	593.0 	3
1097.0	29.0 	2
1322.0	1763.0 	1
127.0	907.0 	3
1903.0	737.0 	1
971.0	1438.0 	1
9.0	758.0 	2
962.0	732.0 	3
1115.0	1386.0 	1
1621.0	264.0 	1
1385.0	948.0 	1
208.0	1626.0 	4
1421.0	1447.0 	1
1504.0	295.0 	1
1330.0	1130.0 	1
88.0	1185.0 	4
1258.0	1745.0 	1
871.0	1466.0 	3
426.0	470.0 	2
1586.0	1796.0 	1
1628.0	59.0 	1
904.0	1705.0 	4
1867.0	1487.0 	1
503.0	1871.0 	4
687.0	1689.0 	4
1897.0	183.0 	1
1248.0	1655.0 	1
862.0	589.0 	3
588.0	1688.0 	4
536.0	871.0 	3
79.0	1748.0 	4
1688.0	272.0 	1
1816.0	1177.0 	1
140.0	130.0 	2
1841.0	1178.0 	1
267.0	1672.0 	4
650.0	199.0 	2
1246.0	1524.0 	1
615.0	1196.0 	3
335.0	1844.0 	4
68.0	1146.0 	4
1715.0	1705.0 	1
51.0	1529.0 	4
559.0	943.0 	3
982.0	1943.0 	4
1154.0	947.0 	1
906.0	1568.0 	4
222.0	1208.0 	4
1653.0	658.0 	1
997.0	1749.0 	1
460.0	938.0 	3
112.0	96.0 	2
360.0	1455.0 	4
289.0	102.0 	2
101.0	1340.0 	4
1761.0	601.0 	1
1312.0	720.0 	1
1584.0	481.0 	1
210.0	1642.0 	4
1029.0	508.0 	3
1976.0	16.0 	1
1883.0	1314.0 	1
583.0	1900.0 	4
600.0	1198.0 	3
370.0	1944.0 	4
1725.0	960.0 	1
115.0	671.0 	2
1780.0	1276.0 	1
418.0	1530.0 	4
761.0	1728.0 	4
304.0	1085.0 	3
1200.0	301.0 	2
1123.0	1875.0 	1
730.0	1965.0 	4
167.0	1317.0 	4
1597.0	991.0 	1
860.0	1804.0 	4
11.0	1965.0 	4
388.0	1682.0 	4
1576.0	956.0 	1
1007.0	441.0 	3
433.0	378.0 	2
1126.0	807.0 	3
1487.0	431.0 	1
1513.0	1142.0 	1
1381.0	445.0 	1
1261.0	1927.0 	1
1263.0	1846.0 	1
94.0	1301.0 	4
537.0	922.0 	3
286.0	1430.0 	4
634.0	7.0 	2
1028.0	1473.0 	1
130.0	1156.0 	3
1987.0	937.0 	1
642.0	119.0 	2
1497.0	1485.0 	1
152.0	29.0 	2
1994.0	1363.0 	1
1128.0	1630.0 	1
1019.0	1345.0 	1
732.0	498.0 	2
1288.0	451.0 	3
1597.0	595.0 	1
1288.0	1289.0 	1
250.0	1171.0 	3
1834.0	20.0 	1
1248.0	1267.0 	1
1376.0	84.0 	2
375.0	1126.0 	3
409.0	1062.0 	3
243.0	339.0 	2
1938.0	1691.0 	1
1832.0	1279.0 	1
1857.0	823.0 	1
1065.0	1731.0 	1
895.0	901.0 	3
825.0	423.0 	2
295.0	326.0 	2
1643.0	414.0 	1
1951.0	754.0 	1
1251.0	1682.0 	1
507.0	972.0 	3
1970.0	532.0 	1
686.0	1820.0 	4
473.0	1426.0 	4
691.0	663.0 	3
1025.0	594.0 	3
1248.0	847.0 	1
58.0	449.0 	2
50.0	927.0 	3
1252.0	1719.0 	1
575.0	1746.0 	4
169.0	354.0 	2
1031.0	1937.0 	1
417.0	85.0 	2
1707.0	1898.0 	1
1472.0	1964.0 	1
1403.0	1780.0 	1
1336.0	967.0 	1
1376.0	31.0 	2
573.0	985.0 	3
726.0	1728.0 	4
777.0	1943.0 	4
1884.0	172.0 	1
395.0	1915.0 	4
940.0	591.0 	3
387.0	1223.0 	3
1679.0	404.0 	1
700.0	273.0 	2
634.0	693.0 	3
1648.0	106.0 	1
926.0	1035.0 	3
1719.0	1151.0 	1
1949.0	1352.0 	1
36.0	51.0 	2
967.0	1098.0 	3
709.0	1913.0 	4
423.0	1153.0 	3
1583.0	621.0 	1
1489.0	145.0 	2
1808.0	1833.0 	1
1655.0	60.0 	1
734.0	1367.0 	3
1292.0	1088.0 	1
1352.0	1687.0 	1
1927.0	1083.0 	1
1883.0	74.0 	1
845.0	1218.0 	3
720.0	94.0 	2
555.0	338.0 	2
1057.0	1122.0 	3
1742.0	851.0 	1
262.0	677.0 	2
1252.0	729.0 	1
685.0	819.0 	3
366.0	465.0 	2
1064.0	1365.0 	1
1138.0	1970.0 	1
1501.0	986.0 	1
1993.0	1938.0 	1
1658.0	1557.0 	1
1300.0	1870.0 	1
1273.0	1675.0 	1
937.0	1421.0 	3
1001.0	1252.0 	3
167.0	1068.0 	3
1901.0	3.0 	1
399.0	1980.0 	4
1427.0	1945.0 	1
1737.0	392.0 	1
673.0	514.0 	2
1684.0	702.0 	1
1000.0	669.0 	3
1383.0	115.0 	2
948.0	1501.0 	1
703.0	257.0 	2
898.0	897.0 	3
310.0	970.0 	3
1972.0	307.0 	1
1758.0	1317.0 	1
1839.0	1096.0 	1
601.0	138.0 	2
516.0	1086.0 	3
773.0	1927.0 	4
186.0	1714.0 	4
1218.0	1430.0 	1
199.0	499.0 	2
668.0	1015.0 	3
1887.0	1273.0 	1
268.0	1317.0 	4
1364.0	1205.0 	1
312.0	685.0 	2
1538.0	816.0 	1
709.0	446.0 	2
861.0	701.0 	3
1529.0	649.0 	1
795.0	1187.0 	3
307.0	1185.0 	3
1590.0	1938.0 	1
936.0	394.0 	2
1897.0	613.0 	1
1028.0	210.0 	2
1817.0	865.0 	1
1034.0	1046.0 	3
1491.0	860.0 	1
79.0	301.0 	2
1012.0	857.0 	3
794.0	788.0 	3
1975.0	1856.0 	1
1610.0	319.0 	1
134.0	516.0 	2
1125.0	171.0 	2
927.0	43.0 	2
210.0	841.0 	3
332.0	701.0 	2
853.0	1921.0 	4
27.0	386.0 	2
91.0	856.0 	3
1279.0	390.0 	3
882.0	1327.0 	3
1770.0	169.0 	1
1487.0	1234.0 	1
1465.0	398.0 	1
217.0	199.0 	2
1671.0	158.0 	1
864.0	28.0 	2
726.0	65.0 	2
382.0	1865.0 	4
1559.0	1974.0 	1
1948.0	1721.0 	1
218.0	873.0 	3
1888.0	1899.0 	1
1081.0	959.0 	3
1703.0	655.0 	1
1998.0	1016.0 	1
1820.0	17.0 	1
1278.0	1489.0 	1
1990.0	1814.0 	1
1511.0	568.0 	1
840.0	1346.0 	3
84.0	1317.0 	4
462.0	1096.0 	3
1401.0	1420.0 	1
819.0	103.0 	2
451.0	1520.0 	4
723.0	565.0 	3
1620.0	206.0 	1
473.0	1578.0 	4
1262.0	499.0 	3
1324.0	1486.0 	1
807.0	426.0 	2
1625.0	1551.0 	1
1280.0	1894.0 	1
1782.0	166.0 	1
489.0	1029.0 	3
277.0	1268.0 	4
274.0	841.0 	3
1119.0	1219.0 	1
187.0	193.0 	2
1399.0	1783.0 	1
1202.0	332.0 	3
1183.0	906.0 	1
476.0	1982.0 	4
1684.0	1711.0 	1
103.0	403.0 	2
1228.0	1545.0 	1
1992.0	1278.0 	1
1880.0	1387.0 	1
219.0	1312.0 	4
209.0	1988.0 	4
387.0	336.0 	2
1143.0	1951.0 	1
148.0	671.0 	2
518.0	1439.0 	4
1376.0	1227.0 	1
1852.0	1478.0 	1
1705.0	839.0 	1
1974.0	668.0 	1
1073.0	1814.0 	1
1326.0	1630.0 	1
1434.0	126.0 	2
629.0	912.0 	3
585.0	730.0 	3
1126.0	1674.0 	1
1173.0	793.0 	3
1650.0	680.0 	1
1021.0	660.0 	3
1722.0	231.0 	1
1283.0	1338.0 	1
349.0	738.0 	3
578.0	1743.0 	4
959.0	1785.0 	4
1664.0	1323.0 	1
1632.0	1748.0 	1
370.0	1738.0 	4
1622.0	312.0 	1
1035.0	1090.0 	3
1310.0	126.0 	2
272.0	636.0 	2
384.0	1141.0 	3
1584.0	456.0 	1
1436.0	1766.0 	1
395.0	242.0 	2
59.0	1988.0 	4
167.0	461.0 	2
330.0	49.0 	2
1928.0	1246.0 	1
645.0	1653.0 	4
779.0	1213.0 	3
935.0	873.0 	3
1223.0	657.0 	3
1654.0	971.0 	1
667.0	1492.0 	4
1367.0	309.0 	3
729.0	1612.0 	4
1780.0	1644.0 	1
1603.0	1914.0 	1
47.0	931.0 	3
178.0	1906.0 	4
1604.0	1463.0 	1
1509.0	274.0 	1
145.0	623.0 	2
1696.0	1049.0 	1
1615.0	1876.0 	1
870.0	186.0 	2
1572.0	1962.0 	1
1747.0	419.0 	1
1685.0	569.0 	1
462.0	1226.0 	3
1199.0	995.0 	1
992.0	1382.0 	1
1489.0	977.0 	1
1258.0	896.0 	1
220.0	1416.0 	4
52.0	1819.0 	4
1919.0	1933.0 	1
1386.0	1934.0 	1
1759.0	983.0 	1
1271.0	1409.0 	1
1734.0	764.0 	1
1670.0	796.0 	1
976.0	289.0 	2
497.0	1100.0 	3
141.0	123.0 	2
522.0	185.0 	2
414.0	1190.0 	3
798.0	152.0 	2
1989.0	1876.0 	1
1357.0	1308.0 	1
1059.0	641.0 	3
1763.0	1106.0 	1
714.0	544.0 	3
653.0	586.0 	3
537.0	796.0 	3
994.0	1166.0 	3
1013.0	523.0 	3
516.0	1955.0 	4
1249.0	1606.0 	1
1040.0	1229.0 	1
788.0	644.0 	3
1374.0	988.0 	1
1757.0	256.0 	1
671.0	405.0 	2
710.0	1748.0 	4
901.0	1547.0 	4
538.0	1284.0 	3
416.0	1586.0 	4
1681.0	1393.0 	1
1208.0	1713.0 	1
706.0	1014.0 	3
1593.0	1207.0 	1
356.0	1584.0 	4
1849.0	423.0 	1
628.0	1275.0 	3
1764.0	1876.0 	1
1062.0	578.0 	3
1593.0	96.0 	1
586.0	1136.0 	3
285.0	375.0 	2
850.0	854.0 	3
1006.0	1590.0 	1
596.0	336.0 	2
509.0	1443.0 	4
1044.0	739.0 	3
1170.0	823.0 	3
275.0	1241.0 	4
909.0	1866.0 	4
897.0	1862.0 	4
1914.0	1927.0 	1
733.0	1280.0 	3
454.0	1088.0 	3
246.0	1433.0 	4
470.0	1343.0 	4
80.0	1597.0 	4
331.0	28.0 	2
799.0	1775.0 	4
877.0	1144.0 	3
1856.0	900.0 	1
1536.0	1651.0 	1
973.0	1010.0 	3
192.0	1785.0 	4
323.0	1426.0 	4
1408.0	625.0 	1
1641.0	1904.0 	1
1338.0	339.0 	3
1960.0	1257.0 	1
1296.0	1623.0 	1
1430.0	73.0 	2
1664.0	322.0 	1
835.0	160.0 	2
1172.0	1420.0 	1
1647.0	608.0 	1
33.0	161.0 	2
1071.0	1038.0 	3
115.0	1659.0 	4
788.0	1051.0 	3
1877.0	1272.0 	1
982.0	1212.0 	3
250.0	729.0 	2
656.0	336.0 	2
1987.0	1034.0 	1
113.0	1272.0 	4
699.0	1093.0 	3
1401.0	1934.0 	1
84.0	1602.0 	4
612.0	270.0 	2
1379.0	1343.0 	1
1932.0	406.0 	1
706.0	1459.0 	4
897.0	1627.0 	4
898.0	686.0 	3
795.0	1873.0 	4
1683.0	372.0 	1
1306.0	969.0 	1
372.0	1406.0 	4
54.0	973.0 	3
264.0	679.0 	2
1417.0	1912.0 	1
1650.0	663.0 	1
1528.0	1448.0 	1
1446.0	1480.0 	1
13.0	710.0 	2
1431.0	1516.0 	1
1924.0	236.0 	1
1978.0	207.0 	1
1831.0	1316.0 	1
1393.0	1381.0 	1
1712.0	1800.0 	1
1809.0	1533.0 	1
75.0	1084.0 	3
1928.0	927.0 	1
1431.0	92.0 	2
464.0	250.0 	2
1837.0	1958.0 	1
828.0	1110.0 	3
956.0	244.0 	2
880.0	590.0 	3
1498.0	176.0 	1
1301.0	1487.0 	1
1019.0	426.0 	3
431.0	1313.0 	4
938.0	1200.0 	3
678.0	1527.0 	4
847.0	1377.0 	3
283.0	69.0 	2
693.0	380.0 	2
1489.0	1837.0 	1
223.0	745.0 	2
1518.0	405.0 	1
353.0	1834.0 	4
1537.0	524.0 	1
1582.0	1365.0 	1
1159.0	1991.0 	1
1011.0	1626.0 	1
1312.0	1489.0 	1
214.0	1367.0 	4
932.0	919.0 	3
1954.0	767.0 	1
831.0	483.0 	3
307.0	377.0 	2
488.0	1139.0 	3
950.0	1671.0 	1
1553.0	627.0 	1
1416.0	1900.0 	1
946.0	1249.0 	3
233.0	1214.0 	4
1357.0	1341.0 	1
1069.0	277.0 	2
922.0	1928.0 	4
207.0	754.0 	2
572.0	1183.0 	3
1253.0	1434.0 	1
1204.0	69.0 	2
1275.0	481.0 	3
588.0	977.0 	3
1448.0	821.0 	1
385.0	1269.0 	3
577.0	1164.0 	3
1027.0	1525.0 	1
252.0	1517.0 	4
719.0	1816.0 	4
756.0	325.0 	2
156.0	1447.0 	4
1631.0	1078.0 	1
702.0	140.0 	2
1109.0	68.0 	2
1214.0	1057.0 	1
783.0	862.0 	3
228.0	1845.0 	4
445.0	1561.0 	4
1934.0	1184.0 	1
28.0	162.0 	2
1856.0	278.0 	1
1120.0	489.0 	3
1064.0	1904.0 	1
1975.0	218.0 	1
1076.0	1259.0 	1
1416.0	1575.0 	1
58.0	3.0 	2
1620.0	1475.0 	1
881.0	1938.0 	4
1925.0	1117.0 	1
475.0	1558.0 	4
1395.0	1432.0 	1
1016.0	86.0 	2
216.0	762.0 	3
805.0	1860.0 	4
901.0	1591.0 	4
0.0	1943.0 	4
935.0	227.0 	2
729.0	1716.0 	4
1995.0	1959.0 	1
410.0	1540.0 	4
465.0	1492.0 	4
1427.0	670.0 	1
183.0	531.0 	2
79.0	1643.0 	4
22.0	1373.0 	4
1931.0	1783.0 	1
1113.0	1436.0 	1
797.0	1914.0 	4
1712.0	1162.0 	1
123.0	545.0 	2
1651.0	603.0 	1
204.0	1162.0 	3
1374.0	460.0 	1
1348.0	138.0 	2
1129.0	1720.0 	1
1433.0	222.0 	3
1758.0	334.0 	1
1188.0	1413.0 	1
82.0	1825.0 	4
1402.0	1999.0 	1
1557.0	906.0 	1
496.0	396.0 	2
720.0	285.0 	2
322.0	791.0 	3
21.0	1722.0 	4
902.0	1400.0 	3
958.0	588.0 	3
745.0	321.0 	2
1766.0	707.0 	1
769.0	763.0 	3
12.0	1130.0 	4
1127.0	603.0 	3
72.0	1135.0 	3
466.0	1705.0 	4
1916.0	1123.0 	1
141.0	950.0 	3
1830.0	1912.0 	1
1467.0	1509.0 	1
1584.0	1300.0 	1
1922.0	1159.0 	1
1466.0	1195.0 	1
480.0	1785.0 	4
758.0	1734.0 	4
82.0	1934.0 	4
401.0	1911.0 	4
1401.0	1924.0 	1
2.0	942.0 	3
976.0	1214.0 	3
1967.0	1431.0 	1
88.0	808.0 	2
1931.0	1686.0 	1
388.0	893.0 	3
1638.0	1998.0 	1
1089.0	431.0 	3
1375.0	741.0 	1
824.0	1619.0 	4
1027.0	1354.0 	1
371.0	150.0 	2
790.0	1005.0 	3
1318.0	860.0 	1
485.0	924.0 	3
435.0	1906.0 	4
939.0	1527.0 	1
1445.0	1142.0 	1
505.0	1564.0 	4
254.0	1068.0 	3
207.0	456.0 	2
284.0	128.0 	2
348.0	693.0 	2
1160.0	1645.0 	1
1717.0	1314.0 	1
243.0	479.0 	2
591.0	462.0 	2
1427.0	1264.0 	1
1400.0	1805.0 	1
830.0	1862.0 	4
605.0	1133.0 	3
1630.0	9.0 	1
985.0	1012.0 	3
84.0	1528.0 	4
1776.0	1472.0 	1
447.0	1013.0 	3
1998.0	200.0 	1
933.0	1889.0 	4
1336.0	268.0 	3
1178.0	833.0 	3
610.0	567.0 	2
1021.0	596.0 	3
241.0	1476.0 	4
1698.0	1443.0 	1
1453.0	1632.0 	1
1623.0	1821.0 	1
510.0	1141.0 	3
1760.0	971.0 	1
1149.0	883.0 	3
679.0	849.0 	3
940.0	906.0 	3
1188.0	1097.0 	1
658.0	511.0 	2
490.0	934.0 	3
697.0	717.0 	3
101.0	1105.0 	3
1795.0	799.0 	1
1621.0	145.0 	1
556.0	945.0 	3
920.0	708.0 	3
1778.0	206.0 	1
951.0	1833.0 	4
882.0	934.0 	3
81.0	1888.0 	4
1280.0	1321.0 	1
27.0	1458.0 	4
1498.0	503.0 	1
331.0	1739.0 	4
400.0	291.0 	2
834.0	858.0 	3
1219.0	98.0 	2
1896.0	966.0 	1
1515.0	1634.0 	1
47.0	154.0 	2
259.0	822.0 	3
1331.0	1663.0 	1
892.0	1657.0 	4
748.0	1798.0 	4
856.0	1973.0 	4
760.0	1169.0 	3
718.0	951.0 	3
1318.0	619.0 	1
356.0	445.0 	2
1150.0	1528.0 	1
629.0	1306.0 	3
1656.0	920.0 	1
1837.0	1966.0 	1
421.0	1913.0 	4
164.0	1111.0 	3
1802.0	99.0 	1
1826.0	643.0 	1
1446.0	1508.0 	1
693.0	199.0 	2
224.0	1131.0 	3
1370.0	1450.0 	1
504.0	1090.0 	3
952.0	1091.0 	3
878.0	44.0 	2
793.0	735.0 	3
1746.0	1214.0 	1
1799.0	227.0 	1
1665.0	165.0 	1
849.0	1246.0 	3
523.0	1099.0 	3
1149.0	460.0 	3
978.0	1862.0 	4
810.0	189.0 	2
1144.0	769.0 	3
1538.0	1438.0 	1
1192.0	1064.0 	1
315.0	1472.0 	4
1671.0	1192.0 	1
334.0	1399.0 	4
1605.0	1143.0 	1
1268.0	1208.0 	1
514.0	1179.0 	3
395.0	1908.0 	4
1612.0	1978.0 	1
1873.0	1445.0 	1
1118.0	124.0 	2
858.0	374.0 	2
1275.0	722.0 	1
339.0	1589.0 	4
845.0	1458.0 	3
482.0	950.0 	3
795.0	1537.0 	4
423.0	134.0 	2
1838.0	1819.0 	1
1784.0	818.0 	1
363.0	403.0 	2
633.0	1925.0 	4
1671.0	444.0 	1
465.0	49.0 	2
1293.0	1583.0 	1
1767.0	741.0 	1
1879.0	284.0 	1
1551.0	1618.0 	1
1717.0	1781.0 	1
1120.0	1433.0 	1
339.0	1885.0 	4
338.0	801.0 	3
1143.0	1139.0 	1
914.0	1009.0 	3
1119.0	360.0 	3
85.0	1348.0 	4
4.0	1707.0 	4
574.0	1586.0 	4
341.0	171.0 	2
1934.0	359.0 	1
1914.0	579.0 	1
1899.0	387.0 	1
781.0	1237.0 	3
661.0	1664.0 	4
266.0	1178.0 	3
1351.0	1889.0 	1
634.0	786.0 	3
881.0	830.0 	3
123.0	1407.0 	4
1185.0	1205.0 	1
1121.0	201.0 	2
1593.0	1438.0 	1
1462.0	1200.0 	1
1527.0	1798.0 	1
46.0	1868.0 	4
1610.0	1268.0 	1
680.0	1701.0 	4
246.0	1303.0 	4
606.0	1934.0 	4
662.0	1836.0 	4
1058.0	801.0 	3
191.0	1279.0 	4
730.0	714.0 	3
377.0	41.0 	2
1067.0	1800.0 	1
886.0	56.0 	2
782.0	1314.0 	3
425.0	476.0 	2
1008.0	817.0 	3
328.0	1931.0 	4
1703.0	1893.0 	1
970.0	128.0 	2
1152.0	1156.0 	1
110.0	1372.0 	4
1090.0	394.0 	3
1856.0	442.0 	1
360.0	1786.0 	4
282.0	71.0 	2
1547.0	1930.0 	1
1621.0	883.0 	1
1245.0	19.0 	2
1405.0	651.0 	1
1237.0	92.0 	2
455.0	1111.0 	3
1735.0	591.0 	1
590.0	1784.0 	4
256.0	1673.0 	4
285.0	589.0 	2
1874.0	1149.0 	1
1402.0	1539.0 	1
1062.0	56.0 	2
307.0	711.0 	2
237.0	1982.0 	4
148.0	738.0 	2
1448.0	1463.0 	1
650.0	1358.0 	3
73.0	1679.0 	4
47.0	1680.0 	4
89.0	70.0 	2
1354.0	682.0 	1
1472.0	37.0 	2
50.0	1518.0 	4
1580.0	417.0 	1
1334.0	1338.0 	1
1935.0	643.0 	1
1315.0	1326.0 	1
359.0	200.0 	2
737.0	335.0 	2
1762.0	1617.0 	1
1761.0	253.0 	1
1827.0	263.0 	1
1088.0	515.0 	3
1850.0	1694.0 	1
252.0	1949.0 	4
602.0	1403.0 	4
241.0	1674.0 	4
1298.0	1667.0 	1
1232.0	1344.0 	1
1231.0	1133.0 	1
1900.0	1382.0 	1
1338.0	1400.0 	1
1388.0	447.0 	1
1964.0	1566.0 	1
1453.0	1085.0 	1
1791.0	630.0 	1
947.0	1167.0 	3
1029.0	1419.0 	1
1763.0	1518.0 	1
1996.0	1253.0 	1
438.0	488.0 	2
480.0	836.0 	3
158.0	1503.0 	4
225.0	1637.0 	4
695.0	421.0 	2
1690.0	1125.0 	1
734.0	660.0 	3
360.0	1193.0 	3
258.0	1717.0 	4
1911.0	1465.0 	1
1597.0	483.0 	1
1225.0	170.0 	2
1866.0	646.0 	1
90.0	451.0 	2
137.0	819.0 	3
1211.0	817.0 	1
145.0	1371.0 	4
1752.0	1602.0 	1
216.0	371.0 	2
1620.0	1128.0 	1
691.0	318.0 	2
1180.0	1524.0 	1
839.0	1812.0 	4
1355.0	1587.0 	1
1790.0	1494.0 	1
1200.0	1173.0 	1
485.0	648.0 	3
1011.0	1311.0 	1
1082.0	204.0 	2
562.0	247.0 	2
193.0	1786.0 	4
833.0	1017.0 	3
79.0	1765.0 	4
104.0	1315.0 	4
1389.0	1404.0 	1
835.0	223.0 	2
332.0	1852.0 	4
841.0	1921.0 	4
1776.0	425.0 	1
918.0	697.0 	3
375.0	432.0 	2
326.0	77.0 	2
149.0	1043.0 	3
1116.0	980.0 	3
891.0	1755.0 	4
1396.0	391.0 	1
74.0	25.0 	2
161.0	1317.0 	4
1446.0	1125.0 	1
695.0	1487.0 	4
408.0	86.0 	2
1280.0	1431.0 	1
397.0	1783.0 	4
1465.0	1020.0 	1
1513.0	1510.0 	1
1331.0	1712.0 	1
1435.0	906.0 	1
1813.0	327.0 	1
1304.0	1413.0 	1
886.0	166.0 	2
1075.0	1974.0 	1
913.0	1195.0 	3
1169.0	1040.0 	1
470.0	610.0 	2
55.0	21.0 	2
167.0	765.0 	2
526.0	987.0 	3
261.0	121.0 	2
1754.0	1127.0 	1
1467.0	1172.0 	1
158.0	610.0 	2
377.0	781.0 	3
692.0	531.0 	2
1855.0	1460.0 	1
277.0	369.0 	2
469.0	815.0 	3
1101.0	1476.0 	1
1344.0	492.0 	3
1491.0	422.0 	1
832.0	393.0 	2
215.0	1483.0 	4
637.0	979.0 	3
607.0	1431.0 	4
1797.0	1960.0 	1
110.0	629.0 	2
401.0	560.0 	2
580.0	215.0 	2
1136.0	1853.0 	1
1803.0	1040.0 	1
486.0	1672.0 	4
1207.0	134.0 	2
1952.0	1331.0 	1
197.0	474.0 	2
1401.0	747.0 	1
403.0	1920.0 	4
550.0	1598.0 	4
1031.0	1898.0 	1
1991.0	660.0 	1
218.0	1616.0 	4
1488.0	1819.0 	1
186.0	296.0 	2
511.0	1416.0 	4
670.0	1045.0 	3
1765.0	678.0 	1
1847.0	690.0 	1
1784.0	527.0 	1
951.0	41.0 	2
1015.0	31.0 	2
992.0	755.0 	3
330.0	1239.0 	3
1228.0	1128.0 	1
289.0	926.0 	3
1283.0	1666.0 	1
864.0	751.0 	3
1428.0	226.0 	3
1592.0	1747.0 	1
514.0	932.0 	3
916.0	1269.0 	3
33.0	784.0 	2
92.0	527.0 	2
1055.0	1750.0 	1
1025.0	855.0 	3
1238.0	1661.0 	1
894.0	986.0 	3
1013.0	1092.0 	3
216.0	821.0 	3
255.0	182.0 	2
26.0	698.0 	2
1345.0	761.0 	1
1327.0	867.0 	1
1942.0	167.0 	1
970.0	437.0 	3
1074.0	936.0 	3
899.0	903.0 	3
1306.0	28.0 	2
784.0	1939.0 	4
1773.0	1023.0 	1
1765.0	1359.0 	1
289.0	1043.0 	3
1617.0	737.0 	1
1826.0	1722.0 	1
175.0	141.0 	2
1338.0	1793.0 	1
1303.0	1016.0 	1
24.0	1704.0 	4
1241.0	818.0 	1
762.0	1432.0 	3
1114.0	1454.0 	1
1419.0	1837.0 	1
847.0	615.0 	3
699.0	185.0 	2
963.0	1473.0 	1
818.0	517.0 	3
1308.0	504.0 	3
1794.0	1411.0 	1
57.0	1895.0 	4
1919.0	1882.0 	1
182.0	1877.0 	4
70.0	819.0 	3
1778.0	1143.0 	1
891.0	305.0 	2
1875.0	1610.0 	1
1396.0	1615.0 	1
1495.0	1497.0 	1
81.0	913.0 	3
197.0	998.0 	3
1063.0	1772.0 	1
6.0	1075.0 	3
916.0	437.0 	2
704.0	1665.0 	4
615.0	1239.0 	3
1441.0	106.0 	2
1804.0	1552.0 	1
367.0	1840.0 	4
1388.0	957.0 	1
1641.0	1840.0 	1
785.0	1494.0 	4
371.0	184.0 	2
1690.0	893.0 	1
1020.0	897.0 	3
620.0	388.0 	2
1219.0	1104.0 	1
64.0	669.0 	2
1625.0	1862.0 	1
1950.0	870.0 	1
1443.0	803.0 	1
1064.0	1851.0 	1
537.0	532.0 	2
56.0	512.0 	2
798.0	558.0 	3
378.0	1945.0 	4
883.0	1295.0 	3
1885.0	630.0 	1
1643.0	1637.0 	1
707.0	1487.0 	4
1937.0	1748.0 	1
1202.0	797.0 	3
278.0	357.0 	2
38.0	1929.0 	4
610.0	1692.0 	4
712.0	674.0 	3
1932.0	1629.0 	1
878.0	274.0 	2
1072.0	265.0 	2
651.0	581.0 	3
1654.0	1475.0 	1
969.0	1746.0 	1
1031.0	1117.0 	3
1328.0	821.0 	1
234.0	1720.0 	4
44.0	92.0 	2
1894.0	170.0 	1
496.0	78.0 	2
1162.0	1532.0 	1
1353.0	1276.0 	1
117.0	710.0 	2
1124.0	429.0 	3
251.0	1319.0 	4
1402.0	1684.0 	1
537.0	1896.0 	4
1143.0	176.0 	2
477.0	53.0 	2
1647.0	1502.0 	1
1290.0	366.0 	3
121.0	423.0 	2
1262.0	1329.0 	1
1337.0	1122.0 	1
1996.0	1348.0 	1
918.0	826.0 	3
722.0	1642.0 	4
127.0	1537.0 	4
249.0	149.0 	2
282.0	821.0 	3
1185.0	323.0 	3
1276.0	699.0 	1
414.0	1959.0 	4
541.0	1529.0 	4
587.0	162.0 	2
1205.0	958.0 	1
163.0	1155.0 	3
376.0	740.0 	3
213.0	1406.0 	4
1548.0	1885.0 	1
1105.0	766.0 	3
1330.0	1013.0 	1
589.0	919.0 	3
1298.0	1355.0 	1
1036.0	848.0 	3
1075.0	763.0 	3
1412.0	175.0 	2
658.0	976.0 	3
245.0	1991.0 	4
1307.0	329.0 	3
1005.0	828.0 	3
1658.0	163.0 	1
1055.0	1585.0 	1
923.0	858.0 	3
1342.0	706.0 	1
600.0	1075.0 	3
1817.0	1037.0 	1
631.0	835.0 	3
1851.0	30.0 	1
297.0	1106.0 	3
1286.0	27.0 	2
544.0	1421.0 	4
975.0	146.0 	2
981.0	1374.0 	1
1100.0	1429.0 	1
1859.0	1979.0 	1
1577.0	191.0 	1
1377.0	918.0 	1
1342.0	903.0 	1
1991.0	1290.0 	1
824.0	1603.0 	4
36.0	1222.0 	4
1475.0	574.0 	1
1480.0	1125.0 	1
308.0	1102.0 	3
1028.0	553.0 	3
921.0	1731.0 	4
1978.0	151.0 	1
1189.0	1865.0 	1
1673.0	1369.0 	1
1291.0	115.0 	2
739.0	403.0 	2
1490.0	128.0 	2
1350.0	1498.0 	1
893.0	1544.0 	4
1091.0	1202.0 	1
1276.0	1800.0 	1
766.0	977.0 	3
1720.0	134.0 	1
1953.0	233.0 	1
1576.0	292.0 	1
1177.0	138.0 	2
1072.0	1536.0 	1
1146.0	1619.0 	1
1538.0	958.0 	1
1649.0	169.0 	1
1129.0	927.0 	3
737.0	1665.0 	4
933.0	37.0 	2
1951.0	1485.0 	1
1242.0	1440.0 	1
1063.0	172.0 	2
1107.0	1005.0 	3
195.0	330.0 	2
593.0	985.0 	3
1434.0	1640.0 	1
1903.0	1282.0 	1
848.0	857.0 	3
951.0	8.0 	2
1383.0	1789.0 	1
31.0	1981.0 	4
1654.0	132.0 	1
1867.0	1500.0 	1
1521.0	806.0 	1
1455.0	901.0 	1
97.0	1515.0 	4
1929.0	1821.0 	1
422.0	70.0 	2
1072.0	1768.0 	1
1089.0	310.0 	2
1328.0	443.0 	3
1127.0	144.0 	2
1029.0	1427.0 	1
1497.0	1364.0 	1
454.0	490.0 	2
1233.0	111.0 	2
1178.0	646.0 	3
790.0	1468.0 	4
1012.0	8.0 	2
1772.0	381.0 	1
1064.0	1897.0 	1
747.0	1791.0 	4
424.0	764.0 	3
1480.0	1459.0 	1
224.0	1804.0 	4
484.0	698.0 	3
388.0	663.0 	2
219.0	848.0 	3
1081.0	1231.0 	1
56.0	574.0 	2
1103.0	924.0 	3
1555.0	1321.0 	1
201.0	1776.0 	4
840.0	795.0 	3
346.0	1037.0 	3
1647.0	1845.0 	1
511.0	380.0 	2
989.0	705.0 	3
1110.0	65.0 	2
1340.0	203.0 	2
1306.0	1790.0 	1
1901.0	1266.0 	1
156.0	1960.0 	4
1468.0	169.0 	2
963.0	1900.0 	4
306.0	628.0 	2
1355.0	203.0 	2
206.0	930.0 	3
1887.0	1475.0 	1
967.0	94.0 	2
888.0	1774.0 	4
549.0	1983.0 	4
1985.0	112.0 	1
1570.0	1652.0 	1
1751.0	1127.0 	1
1810.0	875.0 	1
1251.0	1371.0 	1
1348.0	1771.0 	1
1536.0	113.0 	1
211.0	28.0 	2
1074.0	469.0 	3
1970.0	1743.0 	1
1450.0	1425.0 	1
1609.0	1068.0 	1
179.0	1823.0 	4
1773.0	509.0 	1
344.0	866.0 	3
199.0	1466.0 	4
834.0	1339.0 	3
467.0	1061.0 	3
913.0	382.0 	2
837.0	332.0 	2
1534.0	693.0 	1
1102.0	128.0 	2
1351.0	1081.0 	1
1806.0	300.0 	1
372.0	1307.0 	4
1528.0	1616.0 	1
1033.0	698.0 	3
1909.0	1318.0 	1
1114.0	980.0 	3
516.0	10.0 	2
1987.0	386.0 	1
1694.0	997.0 	1
1981.0	1795.0 	1
1798.0	930.0 	1
71.0	465.0 	2
755.0	1663.0 	4
900.0	264.0 	2
873.0	240.0 	2
1429.0	398.0 	1
639.0	1059.0 	3
1259.0	1739.0 	1
213.0	1698.0 	4
78.0	1427.0 	4
1945.0	1368.0 	1
872.0	1901.0 	4
546.0	1640.0 	4
1074.0	1124.0 	1
1917.0	1772.0 	1
1994.0	182.0 	1
332.0	470.0 	2
886.0	1023.0 	3
945.0	1019.0 	3
1797.0	1048.0 	1
654.0	341.0 	2
313.0	591.0 	2
1095.0	1886.0 	1
428.0	1940.0 	4
912.0	956.0 	3
241.0	371.0 	2
837.0	1472.0 	3
1003.0	393.0 	2
1361.0	380.0 	3
11.0	1431.0 	4
1982.0	168.0 	1
293.0	1428.0 	4
879.0	484.0 	3
22.0	196.0 	2
1029.0	1054.0 	3
326.0	753.0 	3
1201.0	1482.0 	1
1751.0	371.0 	1
1805.0	190.0 	1
1728.0	496.0 	1
130.0	1316.0 	4
915.0	511.0 	3
3.0	120.0 	2
1782.0	1985.0 	1
662.0	796.0 	3
901.0	1151.0 	3
1242.0	161.0 	2
1445.0	5.0 	2
697.0	984.0 	3
1771.0	1145.0 	1
289.0	645.0 	2
736.0	527.0 	3
148.0	869.0 	3
359.0	1891.0 	4
1129.0	592.0 	3
1670.0	295.0 	1
1664.0	61.0 	1
958.0	966.0 	3
25.0	1337.0 	4
1075.0	1021.0 	3
1288.0	311.0 	3
1226.0	500.0 	3
1370.0	836.0 	1
1845.0	498.0 	1
751.0	715.0 	3
1287.0	1673.0 	1
1158.0	63.0 	2
1072.0	429.0 	3
1343.0	919.0 	1
1521.0	1297.0 	1
660.0	81.0 	2
1245.0	1714.0 	1
1389.0	1683.0 	1
1358.0	1569.0 	1
625.0	1995.0 	4
172.0	933.0 	3
1938.0	1732.0 	1
184.0	168.0 	2
932.0	1609.0 	1
1577.0	1079.0 	1
1736.0	882.0 	1
1566.0	566.0 	1
1027.0	1558.0 	1
1596.0	826.0 	1
1182.0	1525.0 	1
1432.0	1994.0 	1
271.0	1041.0 	3
630.0	1909.0 	4
472.0	1551.0 	4
252.0	1367.0 	4
1796.0	1237.0 	1
360.0	1019.0 	3
1179.0	1638.0 	1
448.0	1338.0 	4
471.0	1470.0 	4
205.0	725.0 	2
607.0	1054.0 	3
895.0	1411.0 	3
799.0	122.0 	2
770.0	1761.0 	4
1392.0	708.0 	1
89.0	140.0 	2
670.0	1089.0 	3
1112.0	828.0 	3
1737.0	1089.0 	1
747.0	1942.0 	4
640.0	449.0 	2
539.0	1827.0 	4
448.0	1557.0 	4
1077.0	524.0 	3
533.0	662.0 	3
256.0	1699.0 	4
902.0	26.0 	2
810.0	1304.0 	3
92.0	41.0 	2
1132.0	1049.0 	1
1649.0	924.0 	1
1331.0	1620.0 	1
1029.0	373.0 	2
147.0	716.0 	2
1049.0	1333.0 	1
1861.0	949.0 	1
1470.0	776.0 	1
640.0	1954.0 	4
1567.0	1985.0 	1
1693.0	600.0 	1
905.0	57.0 	2
825.0	986.0 	3
1883.0	523.0 	1
614.0	456.0 	2
1649.0	1686.0 	1
1025.0	115.0 	2
152.0	430.0 	2
1477.0	1798.0 	1
1067.0	1552.0 	1
729.0	953.0 	3
1991.0	77.0 	1
1152.0	222.0 	2
1820.0	19.0 	1
1321.0	1448.0 	1
1520.0	1118.0 	1
1742.0	1609.0 	1
1064.0	224.0 	2
422.0	390.0 	2
1367.0	1275.0 	1
1390.0	1805.0 	1
1179.0	193.0 	2
1149.0	6.0 	2
691.0	1402.0 	3
1216.0	1536.0 	1
1985.0	862.0 	1
97.0	676.0 	2
667.0	493.0 	2
296.0	1285.0 	4
390.0	861.0 	3
549.0	414.0 	2
1079.0	1150.0 	1
1049.0	1007.0 	3
22.0	1600.0 	4
898.0	1067.0 	3
231.0	1865.0 	4
1771.0	462.0 	1
753.0	60.0 	2
379.0	182.0 	2
189.0	1790.0 	4
1848.0	1510.0 	1
1214.0	388.0 	3
48.0	983.0 	3
425.0	162.0 	2
1839.0	420.0 	1
1343.0	411.0 	3
1926.0	991.0 	1
421.0	1695.0 	4
753.0	1554.0 	4
1287.0	652.0 	1
1543.0	586.0 	1
7.0	979.0 	3
737.0	126.0 	2
1172.0	60.0 	2
229.0	1690.0 	4
1954.0	1888.0 	1
1701.0	904.0 	1
305.0	496.0 	2
517.0	1754.0 	4
478.0	1989.0 	4
670.0	527.0 	2
1763.0	1945.0 	1
1466.0	780.0 	1
1627.0	1902.0 	1
955.0	1868.0 	4
1495.0	1340.0 	1
223.0	1822.0 	4
1229.0	816.0 	1
1622.0	1398.0 	1
1826.0	840.0 	1
1402.0	320.0 	3
834.0	1535.0 	4
1378.0	1389.0 	1
352.0	502.0 	2
426.0	159.0 	2
1699.0	1254.0 	1
1436.0	1821.0 	1
1920.0	479.0 	1
1628.0	1124.0 	1
1809.0	1330.0 	1
590.0	373.0 	2
1883.0	1057.0 	1
128.0	85.0 	2
1689.0	721.0 	1
570.0	1901.0 	4
80.0	938.0 	3
1225.0	902.0 	1
1494.0	699.0 	1
500.0	1495.0 	4
1645.0	980.0 	1
993.0	403.0 	2
635.0	1851.0 	4
15.0	643.0 	2
482.0	1052.0 	3
121.0	1089.0 	3
1267.0	218.0 	2
921.0	584.0 	3
920.0	1664.0 	4
683.0	187.0 	2
1409.0	1512.0 	1
463.0	1723.0 	4
1715.0	624.0 	1
919.0	353.0 	2
1949.0	202.0 	1
1118.0	902.0 	3
1211.0	306.0 	2
1999.0	1432.0 	1
845.0	1951.0 	4
488.0	1923.0 	4
789.0	559.0 	3
1073.0	1444.0 	1
436.0	853.0 	3
1594.0	980.0 	1
112.0	173.0 	2
1081.0	412.0 	3
1827.0	1044.0 	1
318.0	223.0 	2
1178.0	474.0 	3
448.0	1013.0 	3
1886.0	1188.0 	1
799.0	899.0 	3
433.0	425.0 	2
919.0	200.0 	2
1590.0	66.0 	1
733.0	1618.0 	4
41.0	416.0 	2
1633.0	1505.0 	1
444.0	732.0 	3
1386.0	1906.0 	1
1648.0	193.0 	1
1901.0	1580.0 	1
283.0	54.0 	2
944.0	419.0 	2
879.0	88.0 	2
578.0	1160.0 	3
783.0	1341.0 	3
688.0	796.0 	3
514.0	1580.0 	4
1608.0	1518.0 	1
1768.0	763.0 	1
1285.0	446.0 	3
1753.0	235.0 	1
717.0	957.0 	3
1109.0	1779.0 	1
1009.0	289.0 	2
929.0	214.0 	2
1768.0	92.0 	1
1000.0	238.0 	2
779.0	534.0 	3
145.0	487.0 	2
1551.0	1316.0 	1
116.0	1802.0 	4
1118.0	1477.0 	1
1800.0	1811.0 	1
1224.0	1439.0 	1
496.0	259.0 	2
1110.0	693.0 	3
1725.0	1271.0 	1
1577.0	1095.0 	1
804.0	922.0 	3
1126.0	823.0 	3
792.0	1863.0 	4
174.0	1392.0 	4
1051.0	469.0 	3
679.0	643.0 	3
632.0	1529.0 	4
684.0	1737.0 	4
1424.0	1302.0 	1
13.0	1787.0 	4
50.0	1321.0 	4
1021.0	1174.0 	3
62.0	1210.0 	4
513.0	1038.0 	3
1096.0	1809.0 	1
1105.0	356.0 	2
424.0	1421.0 	4
1500.0	1230.0 	1
1962.0	9.0 	1
1568.0	366.0 	1
1664.0	1075.0 	1
1647.0	901.0 	1
158.0	641.0 	2
1022.0	788.0 	3
677.0	422.0 	2
756.0	867.0 	3
1803.0	554.0 	1
814.0	1868.0 	4
1996.0	871.0 	1
1093.0	962.0 	3
333.0	1252.0 	3
14.0	1519.0 	4
1244.0	1378.0 	1
463.0	287.0 	2
1194.0	1593.0 	1
1364.0	927.0 	1
719.0	1105.0 	3
1444.0	269.0 	3
1681.0	465.0 	1
1712.0	825.0 	1
1354.0	340.0 	3
44.0	1963.0 	4
1665.0	545.0 	1
613.0	1457.0 	4
1738.0	192.0 	1
453.0	1588.0 	4
324.0	1382.0 	4
352.0	1427.0 	4
239.0	869.0 	3
144.0	1655.0 	4
534.0	1112.0 	3
1627.0	1842.0 	1
106.0	201.0 	2
1905.0	1463.0 	1
204.0	902.0 	3
1427.0	86.0 	2
484.0	1855.0 	4
150.0	455.0 	2
1029.0	1612.0 	1
19.0	1196.0 	4
514.0	385.0 	2
1905.0	1580.0 	1
1172.0	1013.0 	1
243.0	1071.0 	3
1510.0	792.0 	1
1168.0	727.0 	3
542.0	1796.0 	4
1814.0	217.0 	1
570.0	1913.0 	4
264.0	1411.0 	4
1072.0	1805.0 	1
823.0	960.0 	3
81.0	1265.0 	4
1858.0	1054.0 	1
209.0	591.0 	2
818.0	504.0 	3
350.0	911.0 	3
543.0	1270.0 	3
155.0	1178.0 	4
854.0	846.0 	3
389.0	406.0 	2
1176.0	568.0 	3
701.0	712.0 	3
1880.0	743.0 	1
1936.0	1184.0 	1
1720.0	1864.0 	1
405.0	1987.0 	4
1375.0	1838.0 	1
155.0	1413.0 	4
695.0	1590.0 	4
401.0	1790.0 	4
1708.0	514.0 	1
1467.0	1772.0 	1
1752.0	288.0 	1
1111.0	327.0 	2
556.0	264.0 	2
183.0	504.0 	2
684.0	1458.0 	4
325.0	614.0 	2
894.0	231.0 	2
48.0	85.0 	2
939.0	685.0 	3
989.0	1773.0 	1
236.0	1418.0 	4
881.0	375.0 	2
452.0	837.0 	3
1000.0	692.0 	3
1199.0	75.0 	2
617.0	594.0 	3
333.0	1624.0 	4
36.0	579.0 	2
1920.0	29.0 	1
51.0	637.0 	2
1393.0	1306.0 	1
1034.0	1894.0 	1
422.0	1250.0 	3
1652.0	383.0 	1
1055.0	1307.0 	1
1953.0	547.0 	1
178.0	793.0 	3
47.0	409.0 	2
311.0	1262.0 	4
775.0	169.0 	2
1183.0	1409.0 	1
1864.0	1408.0 	1
89.0	1521.0 	4
3.0	479.0 	2
1210.0	1516.0 	1
1488.0	414.0 	1
1906.0	1016.0 	1
971.0	538.0 	3
1486.0	972.0 	1
190.0	877.0 	3
604.0	1302.0 	3
901.0	967.0 	3
795.0	1730.0 	4
390.0	1153.0 	3
396.0	1938.0 	4
676.0	250.0 	2
1535.0	871.0 	1
1331.0	1980.0 	1
563.0	1310.0 	3
1678.0	264.0 	1
1695.0	30.0 	1
500.0	537.0 	2
661.0	1838.0 	4
503.0	733.0 	3
661.0	1032.0 	3
424.0	874.0 	3
310.0	59.0 	2
885.0	1622.0 	4
1899.0	1160.0 	1
1465.0	797.0 	1
66.0	1526.0 	4
1916.0	154.0 	1
867.0	1181.0 	3
695.0	643.0 	3
1299.0	770.0 	1
1712.0	60.0 	1
943.0	1065.0 	3
730.0	947.0 	3
1442.0	861.0 	1
1793.0	1351.0 	1
1892.0	270.0 	1
767.0	1393.0 	3
1445.0	1157.0 	1
622.0	508.0 	2
1986.0	1537.0 	1
17.0	1582.0 	4
109.0	729.0 	2
622.0	1191.0 	3
228.0	601.0 	2
753.0	1568.0 	4
1886.0	1581.0 	1
1705.0	1729.0 	1
403.0	1927.0 	4
628.0	1544.0 	4
1193.0	937.0 	1
522.0	16.0 	2
1235.0	1827.0 	1
985.0	480.0 	3
1117.0	1012.0 	3
1865.0	1484.0 	1
1589.0	1588.0 	1
1217.0	1007.0 	1
1144.0	1224.0 	1
1524.0	829.0 	1
619.0	874.0 	3
1969.0	895.0 	1
1332.0	1750.0 	1
1560.0	1083.0 	1
1040.0	1036.0 	3
697.0	1104.0 	3
1648.0	130.0 	1
288.0	1794.0 	4
1139.0	516.0 	3
1822.0	1962.0 	1
1751.0	468.0 	1
1281.0	239.0 	2
1366.0	579.0 	1
504.0	857.0 	3
1371.0	1730.0 	1
1744.0	1907.0 	1
327.0	1906.0 	4
180.0	934.0 	3
1884.0	187.0 	1
1221.0	327.0 	3
1901.0	258.0 	1
505.0	1212.0 	3
1220.0	546.0 	3
1421.0	1249.0 	1
535.0	274.0 	2
709.0	1654.0 	4
1396.0	1089.0 	1
617.0	869.0 	3
1200.0	1481.0 	1
1692.0	1314.0 	1
1820.0	370.0 	1
844.0	343.0 	2
293.0	1786.0 	4
1045.0	1260.0 	1
762.0	22.0 	2
766.0	1602.0 	4
612.0	1057.0 	3
535.0	447.0 	2
1964.0	960.0 	1
860.0	548.0 	3
872.0	1884.0 	4
1267.0	1523.0 	1
1664.0	29.0 	1
342.0	707.0 	3
106.0	1512.0 	4
347.0	34.0 	2
1456.0	1323.0 	1
1915.0	413.0 	1
211.0	1267.0 	4
1891.0	459.0 	1
1291.0	325.0 	3
336.0	1752.0 	4
907.0	973.0 	3
620.0	438.0 	2
531.0	797.0 	3
182.0	1105.0 	3
368.0	1854.0 	4
74.0	185.0 	2
793.0	345.0 	2
1856.0	1755.0 	1
244.0	718.0 	2
1822.0	1442.0 	1
1266.0	685.0 	1
1095.0	1949.0 	1
1500.0	250.0 	1
1488.0	321.0 	1
1391.0	939.0 	1
643.0	1268.0 	3
1348.0	125.0 	2
1758.0	1555.0 	1
889.0	842.0 	3
93.0	926.0 	3
1771.0	629.0 	1
1128.0	1250.0 	1
1053.0	1232.0 	1
827.0	1803.0 	4
1428.0	1500.0 	1
1449.0	524.0 	1
997.0	398.0 	2
621.0	527.0 	2
1609.0	1394.0 	1
83.0	259.0 	2
1814.0	1949.0 	1
180.0	1030.0 	3
683.0	50.0 	2
648.0	1397.0 	4
363.0	1006.0 	3
770.0	720.0 	3
1411.0	1471.0 	1
778.0	1013.0 	3
850.0	1214.0 	3
1281.0	833.0 	1
1323.0	357.0 	3
1868.0	1746.0 	1
45.0	347.0 	2
16.0	895.0 	3
134.0	1565.0 	4
30.0	1917.0 	4
1281.0	253.0 	2
1813.0	1044.0 	1
741.0	875.0 	3
1101.0	1764.0 	1
1734.0	1450.0 	1
1255.0	359.0 	3
584.0	704.0 	3
157.0	1948.0 	4
1223.0	1516.0 	1
128.0	221.0 	2
1473.0	276.0 	1
306.0	605.0 	2
1968.0	615.0 	1
459.0	648.0 	3
1449.0	681.0 	1
1652.0	343.0 	1
