248.0	2913.0 	1
2678.0	2733.0 	2
2922.0	1853.0 	5
1577.0	3316.0 	4
3556.0	1439.0 	5
3351.0	1020.0 	5
4399.0	324.0 	5
4390.0	3263.0 	2
93.0	4579.0 	4
2380.0	2562.0 	3
2955.0	4930.0 	2
3428.0	1304.0 	5
1300.0	2291.0 	1
2328.0	3864.0 	4
3427.0	4642.0 	2
3273.0	3836.0 	2
2963.0	2948.0 	2
3709.0	1643.0 	5
3683.0	3212.0 	2
799.0	4513.0 	4
4867.0	1619.0 	5
2516.0	188.0 	3
1653.0	3663.0 	4
2474.0	2608.0 	3
1297.0	2524.0 	1
1141.0	393.0 	3
1380.0	2750.0 	4
549.0	2479.0 	1
4406.0	1383.0 	5
1490.0	2813.0 	4
3814.0	2355.0 	5
2471.0	1192.0 	3
3588.0	4156.0 	2
2415.0	1381.0 	3
551.0	4059.0 	4
94.0	3606.0 	4
931.0	2987.0 	4
4484.0	1668.0 	5
924.0	3785.0 	4
3388.0	3174.0 	2
1279.0	993.0 	3
1469.0	1317.0 	3
4894.0	1845.0 	5
3621.0	2436.0 	5
4864.0	1362.0 	5
493.0	3061.0 	4
2892.0	3674.0 	2
4003.0	1783.0 	5
3532.0	3423.0 	2
4337.0	3706.0 	2
2375.0	2938.0 	4
1081.0	3289.0 	4
664.0	4305.0 	4
3272.0	3021.0 	2
4177.0	3671.0 	2
581.0	3222.0 	4
3965.0	653.0 	5
1834.0	3282.0 	4
3172.0	325.0 	5
839.0	1201.0 	1
3808.0	1287.0 	5
3137.0	4924.0 	2
1289.0	228.0 	3
3895.0	2099.0 	5
3822.0	762.0 	5
2531.0	4042.0 	4
190.0	4149.0 	4
3872.0	37.0 	5
2359.0	1435.0 	3
118.0	4596.0 	4
1730.0	4739.0 	4
1553.0	4861.0 	4
2324.0	2698.0 	4
772.0	1750.0 	1
1129.0	1196.0 	1
2899.0	1908.0 	3
2593.0	2325.0 	3
2698.0	476.0 	3
3424.0	565.0 	5
1805.0	1241.0 	3
1464.0	1821.0 	1
2460.0	2829.0 	4
1589.0	1864.0 	1
52.0	1552.0 	1
3716.0	661.0 	5
2041.0	4572.0 	4
613.0	99.0 	1
4321.0	1988.0 	5
2467.0	1894.0 	3
1694.0	3726.0 	4
1782.0	3560.0 	4
2793.0	4149.0 	2
3411.0	2732.0 	2
1398.0	4541.0 	4
944.0	1033.0 	1
3765.0	1322.0 	5
1729.0	4996.0 	4
4293.0	553.0 	5
2495.0	4555.0 	4
2020.0	51.0 	3
1464.0	3135.0 	4
2240.0	885.0 	3
2251.0	1054.0 	3
2421.0	4764.0 	4
4899.0	1097.0 	5
4989.0	4000.0 	2
3118.0	803.0 	5
839.0	4953.0 	4
245.0	2613.0 	1
4680.0	2825.0 	2
243.0	496.0 	1
4800.0	1058.0 	5
3052.0	998.0 	5
3446.0	751.0 	5
1727.0	3696.0 	4
4908.0	2127.0 	5
1971.0	507.0 	3
3739.0	3876.0 	2
4216.0	1400.0 	5
4447.0	4309.0 	2
805.0	3941.0 	4
4567.0	2910.0 	2
4617.0	501.0 	5
4288.0	3335.0 	2
3941.0	1053.0 	5
1753.0	3523.0 	4
3521.0	3355.0 	2
3776.0	2090.0 	5
1252.0	786.0 	3
1479.0	1207.0 	3
9.0	3803.0 	4
4953.0	1605.0 	5
4281.0	4605.0 	2
997.0	1894.0 	1
4323.0	3552.0 	2
3635.0	3851.0 	2
2338.0	1128.0 	3
1065.0	2876.0 	4
2700.0	2172.0 	3
1908.0	834.0 	3
4828.0	4519.0 	2
1981.0	2672.0 	4
171.0	2203.0 	1
3768.0	1887.0 	5
4562.0	2441.0 	5
4565.0	3046.0 	2
3317.0	226.0 	5
1467.0	4794.0 	4
70.0	4031.0 	4
3992.0	3337.0 	2
1262.0	3176.0 	4
3713.0	592.0 	5
4962.0	3189.0 	2
74.0	3622.0 	4
4766.0	813.0 	5
3826.0	3184.0 	2
2156.0	109.0 	3
190.0	1375.0 	1
1289.0	4903.0 	4
1827.0	2808.0 	4
449.0	1247.0 	1
2818.0	333.0 	3
868.0	788.0 	1
3339.0	4539.0 	2
560.0	3441.0 	4
2206.0	356.0 	3
4192.0	4706.0 	2
3086.0	1846.0 	5
500.0	2273.0 	1
3215.0	2284.0 	5
4113.0	4144.0 	2
3820.0	1134.0 	5
1324.0	1848.0 	1
5.0	3367.0 	4
4264.0	4407.0 	2
1429.0	3333.0 	4
3266.0	4634.0 	2
445.0	4359.0 	4
654.0	1468.0 	1
2832.0	3145.0 	2
3925.0	3585.0 	2
1959.0	575.0 	3
68.0	3257.0 	4
2859.0	2095.0 	3
3858.0	1042.0 	5
3282.0	716.0 	5
2445.0	690.0 	3
2134.0	3489.0 	4
2882.0	528.0 	3
3994.0	1546.0 	5
4251.0	546.0 	5
153.0	4656.0 	4
838.0	2300.0 	1
4656.0	2163.0 	5
1250.0	2682.0 	1
715.0	4195.0 	4
3368.0	242.0 	5
3182.0	2125.0 	5
3204.0	417.0 	5
4083.0	1132.0 	5
789.0	8.0 	3
2886.0	1445.0 	3
1988.0	2308.0 	3
348.0	1392.0 	1
296.0	596.0 	1
2476.0	2093.0 	3
1153.0	4735.0 	4
1134.0	2631.0 	1
4944.0	653.0 	5
333.0	4649.0 	4
720.0	4116.0 	4
1740.0	1732.0 	3
147.0	470.0 	1
1971.0	249.0 	3
2064.0	4856.0 	4
1531.0	4835.0 	4
3039.0	3842.0 	2
3932.0	4763.0 	2
1648.0	1759.0 	3
3957.0	551.0 	5
3302.0	3790.0 	2
1651.0	251.0 	3
4884.0	669.0 	5
2296.0	562.0 	3
4359.0	3709.0 	2
307.0	4573.0 	4
1058.0	4622.0 	4
2427.0	2954.0 	4
1487.0	1347.0 	3
3113.0	917.0 	5
739.0	4705.0 	4
3111.0	3827.0 	2
4828.0	3747.0 	2
2417.0	1336.0 	3
3198.0	1926.0 	5
1287.0	3756.0 	4
4139.0	3200.0 	2
4524.0	1580.0 	5
2925.0	3740.0 	2
3151.0	3040.0 	2
1855.0	856.0 	3
4845.0	2589.0 	2
2739.0	261.0 	3
3943.0	4163.0 	2
460.0	4800.0 	4
3344.0	2154.0 	5
4751.0	1517.0 	5
1178.0	2865.0 	4
4487.0	4114.0 	2
4320.0	4640.0 	2
1144.0	1805.0 	1
2860.0	2647.0 	2
2580.0	4600.0 	4
4770.0	2179.0 	5
4540.0	119.0 	5
4211.0	2649.0 	2
1312.0	3972.0 	4
490.0	3063.0 	4
3190.0	1803.0 	5
618.0	2977.0 	4
16.0	1590.0 	1
1580.0	469.0 	3
3860.0	2232.0 	5
2879.0	1911.0 	3
4754.0	2123.0 	5
2949.0	1822.0 	5
4604.0	1671.0 	5
1882.0	2088.0 	3
2274.0	3717.0 	4
1555.0	2036.0 	1
1659.0	3224.0 	4
544.0	4534.0 	4
4774.0	354.0 	5
2821.0	424.0 	3
1789.0	3481.0 	4
3634.0	3528.0 	2
866.0	2090.0 	1
4579.0	1482.0 	5
961.0	331.0 	3
762.0	2392.0 	1
2453.0	773.0 	3
1868.0	639.0 	3
1887.0	4178.0 	4
938.0	311.0 	3
3638.0	1555.0 	5
3790.0	2177.0 	5
2409.0	4307.0 	4
4337.0	1052.0 	5
495.0	4880.0 	4
4250.0	432.0 	5
4826.0	3019.0 	2
3664.0	4857.0 	2
4837.0	78.0 	5
2855.0	2159.0 	3
1050.0	388.0 	3
1742.0	1872.0 	3
1216.0	4332.0 	4
2034.0	4712.0 	4
3995.0	2093.0 	5
256.0	3362.0 	4
1351.0	4340.0 	4
2376.0	1716.0 	3
2365.0	2200.0 	3
3628.0	1503.0 	5
4210.0	1150.0 	5
2539.0	3286.0 	4
4020.0	1684.0 	5
589.0	564.0 	1
2089.0	1103.0 	3
677.0	4840.0 	4
2196.0	314.0 	3
1056.0	1355.0 	1
4050.0	1656.0 	5
1430.0	823.0 	3
1543.0	1767.0 	1
1423.0	1456.0 	3
3343.0	4560.0 	2
1875.0	3498.0 	4
1786.0	4820.0 	4
3429.0	4348.0 	2
1992.0	3038.0 	4
2639.0	4919.0 	4
3466.0	2835.0 	2
3158.0	1088.0 	5
2467.0	4301.0 	4
1816.0	1435.0 	3
2914.0	1227.0 	3
3530.0	1234.0 	5
1303.0	497.0 	3
2607.0	2314.0 	3
317.0	30.0 	1
3317.0	1851.0 	5
2532.0	1104.0 	3
2055.0	1831.0 	3
4590.0	794.0 	5
951.0	625.0 	3
3355.0	3652.0 	2
1123.0	1312.0 	1
2838.0	1054.0 	3
4391.0	3931.0 	2
4327.0	1354.0 	5
1439.0	1954.0 	1
343.0	2055.0 	1
1142.0	3664.0 	4
4800.0	2165.0 	5
4925.0	1100.0 	5
2103.0	2080.0 	3
1000.0	1453.0 	1
4484.0	3731.0 	2
874.0	617.0 	1
1381.0	4694.0 	4
3033.0	1874.0 	5
2200.0	3965.0 	4
2912.0	4383.0 	2
4139.0	2771.0 	2
356.0	1103.0 	1
1619.0	2505.0 	1
2215.0	2705.0 	4
263.0	3420.0 	4
782.0	4304.0 	4
2599.0	1940.0 	3
1232.0	4613.0 	4
167.0	2044.0 	1
4547.0	2005.0 	5
65.0	1643.0 	1
3003.0	793.0 	3
1406.0	191.0 	3
2983.0	245.0 	3
1179.0	1291.0 	1
1222.0	258.0 	3
2647.0	2781.0 	2
4173.0	1788.0 	5
3164.0	4535.0 	2
2779.0	1668.0 	3
1089.0	2736.0 	1
3315.0	3958.0 	2
3261.0	4803.0 	2
330.0	2586.0 	1
781.0	672.0 	1
666.0	4722.0 	4
4516.0	2240.0 	5
1538.0	391.0 	3
1915.0	3230.0 	4
3806.0	4260.0 	2
2655.0	1432.0 	3
4437.0	1794.0 	5
1134.0	2449.0 	1
2879.0	406.0 	3
525.0	4227.0 	4
4841.0	1473.0 	5
2423.0	975.0 	3
1417.0	1969.0 	1
1254.0	4605.0 	4
4028.0	437.0 	5
77.0	3233.0 	4
287.0	2343.0 	1
118.0	1737.0 	1
3649.0	886.0 	5
4400.0	2521.0 	5
938.0	293.0 	3
3785.0	3173.0 	2
1033.0	3879.0 	4
359.0	3954.0 	4
921.0	3360.0 	4
542.0	2061.0 	1
2308.0	747.0 	3
1037.0	1702.0 	1
3099.0	587.0 	5
1163.0	948.0 	3
478.0	105.0 	1
536.0	1549.0 	1
4665.0	1833.0 	5
110.0	3497.0 	4
307.0	1361.0 	1
3689.0	1395.0 	5
4887.0	4055.0 	2
1175.0	3436.0 	4
265.0	2591.0 	1
4196.0	1159.0 	5
2566.0	3582.0 	4
3719.0	4991.0 	2
2952.0	410.0 	3
157.0	2799.0 	1
1570.0	3894.0 	4
4264.0	2458.0 	5
2593.0	4616.0 	4
3396.0	2004.0 	5
2190.0	4341.0 	4
3324.0	1054.0 	5
1609.0	427.0 	3
2334.0	4082.0 	4
3512.0	3648.0 	2
4032.0	3104.0 	2
1171.0	4838.0 	4
2245.0	4186.0 	4
4539.0	2599.0 	2
859.0	3051.0 	4
2824.0	1167.0 	3
1499.0	2767.0 	4
2831.0	4782.0 	2
266.0	1295.0 	1
1333.0	4851.0 	4
3381.0	809.0 	5
4483.0	3837.0 	2
2352.0	606.0 	3
4199.0	157.0 	5
271.0	2069.0 	1
4902.0	793.0 	5
4253.0	2763.0 	2
3720.0	1764.0 	5
2470.0	3830.0 	4
3480.0	2095.0 	5
2310.0	557.0 	3
941.0	990.0 	1
4471.0	738.0 	5
722.0	3602.0 	4
23.0	705.0 	1
673.0	4004.0 	4
2314.0	433.0 	3
4912.0	2818.0 	2
1728.0	274.0 	3
4017.0	4844.0 	2
4723.0	1025.0 	5
2048.0	1735.0 	3
861.0	1470.0 	1
2406.0	3904.0 	4
1226.0	2890.0 	4
1955.0	4753.0 	4
3123.0	1815.0 	5
538.0	2482.0 	1
4353.0	2642.0 	2
218.0	2407.0 	1
2590.0	2629.0 	2
4969.0	2591.0 	2
2440.0	661.0 	3
1673.0	1715.0 	3
1685.0	4142.0 	4
2302.0	2657.0 	4
298.0	403.0 	1
3911.0	4506.0 	2
4978.0	1301.0 	5
3157.0	2558.0 	2
4777.0	3326.0 	2
4075.0	4823.0 	2
621.0	3791.0 	4
967.0	1361.0 	1
2252.0	311.0 	3
735.0	3188.0 	4
3444.0	4082.0 	2
951.0	2784.0 	1
3926.0	886.0 	5
4391.0	2995.0 	2
4220.0	797.0 	5
3927.0	1436.0 	5
4093.0	1369.0 	5
1656.0	4879.0 	4
1113.0	75.0 	3
736.0	4568.0 	4
1862.0	3932.0 	4
1323.0	180.0 	3
2982.0	1054.0 	3
4362.0	297.0 	5
1707.0	4487.0 	4
216.0	595.0 	1
535.0	1038.0 	1
1523.0	4153.0 	4
3519.0	4001.0 	2
911.0	667.0 	1
1375.0	4255.0 	4
790.0	4875.0 	4
178.0	1238.0 	1
4590.0	1216.0 	5
400.0	1389.0 	1
3701.0	2241.0 	5
648.0	39.0 	3
1439.0	4512.0 	4
4776.0	3935.0 	2
2238.0	983.0 	3
2102.0	1247.0 	3
1332.0	2584.0 	1
4665.0	4168.0 	2
3549.0	3618.0 	2
4865.0	1388.0 	5
96.0	1791.0 	1
4811.0	1052.0 	5
4717.0	1507.0 	5
218.0	4586.0 	4
942.0	3730.0 	4
2146.0	4796.0 	4
920.0	3943.0 	4
1695.0	2442.0 	1
291.0	2597.0 	1
3474.0	2005.0 	5
2914.0	2137.0 	5
2932.0	2989.0 	2
568.0	2543.0 	1
2670.0	3839.0 	2
4205.0	4406.0 	2
3172.0	2029.0 	5
1933.0	90.0 	3
4455.0	3984.0 	2
3295.0	2653.0 	2
4830.0	1862.0 	5
4688.0	4854.0 	2
259.0	4770.0 	4
2494.0	3073.0 	4
4347.0	3130.0 	2
3116.0	4912.0 	2
4558.0	1080.0 	5
4914.0	1797.0 	5
3656.0	1767.0 	5
4738.0	690.0 	5
3638.0	2908.0 	2
2006.0	2525.0 	1
2843.0	800.0 	3
466.0	4603.0 	4
3722.0	145.0 	5
3383.0	1955.0 	5
2256.0	400.0 	3
1158.0	235.0 	3
2816.0	100.0 	3
383.0	1409.0 	1
4940.0	3782.0 	2
4620.0	4665.0 	2
4367.0	986.0 	5
3794.0	4384.0 	2
4083.0	1432.0 	5
940.0	4128.0 	4
3654.0	1225.0 	5
4794.0	4420.0 	2
595.0	1734.0 	1
1716.0	1390.0 	3
939.0	242.0 	3
3163.0	692.0 	5
3103.0	3234.0 	2
4081.0	169.0 	5
35.0	410.0 	1
3478.0	815.0 	5
225.0	4688.0 	4
4679.0	633.0 	5
3785.0	2867.0 	2
2090.0	3759.0 	4
800.0	1231.0 	1
482.0	4126.0 	4
3283.0	3488.0 	2
3278.0	934.0 	5
3665.0	1705.0 	5
4453.0	2752.0 	2
261.0	1153.0 	1
1018.0	2306.0 	1
4410.0	4738.0 	2
3226.0	2589.0 	2
1597.0	4730.0 	4
4859.0	4438.0 	2
3901.0	2038.0 	5
4781.0	1674.0 	5
2693.0	4248.0 	2
1046.0	1037.0 	1
1394.0	675.0 	3
3866.0	4261.0 	2
3090.0	4693.0 	2
2519.0	221.0 	3
3294.0	2914.0 	2
3923.0	2906.0 	2
3886.0	318.0 	5
1647.0	3651.0 	4
4453.0	2445.0 	5
1885.0	3442.0 	4
3647.0	289.0 	5
393.0	3169.0 	4
1556.0	883.0 	3
3267.0	1732.0 	5
3752.0	1737.0 	5
4502.0	3766.0 	2
4989.0	3399.0 	2
4976.0	2057.0 	5
3934.0	4051.0 	2
1591.0	2578.0 	1
2146.0	1862.0 	3
3807.0	4074.0 	2
1943.0	3198.0 	4
528.0	2724.0 	1
4283.0	3349.0 	2
854.0	1467.0 	1
2568.0	7.0 	3
2803.0	1107.0 	3
386.0	1429.0 	1
52.0	2462.0 	1
4225.0	4389.0 	2
2174.0	135.0 	3
343.0	145.0 	1
288.0	4741.0 	4
3047.0	4201.0 	2
3960.0	273.0 	5
2533.0	2440.0 	3
2073.0	3785.0 	4
2914.0	3085.0 	2
4902.0	4530.0 	2
2990.0	1009.0 	3
1762.0	4730.0 	4
777.0	565.0 	1
2851.0	4962.0 	2
1690.0	2943.0 	4
2852.0	3284.0 	2
3347.0	3380.0 	2
2314.0	1842.0 	3
3585.0	4614.0 	2
1640.0	897.0 	3
4038.0	4.0 	5
773.0	2522.0 	1
1369.0	3164.0 	4
3699.0	2680.0 	2
1673.0	144.0 	3
574.0	966.0 	1
3832.0	3882.0 	2
1095.0	284.0 	3
1804.0	2192.0 	1
4163.0	3540.0 	2
2843.0	1874.0 	3
208.0	2869.0 	1
1009.0	1569.0 	1
2383.0	208.0 	3
3842.0	2598.0 	2
3142.0	414.0 	5
4679.0	876.0 	5
191.0	3997.0 	4
3727.0	2593.0 	2
1829.0	1808.0 	3
4103.0	4357.0 	2
21.0	4935.0 	4
2333.0	4382.0 	4
1084.0	676.0 	3
4464.0	130.0 	5
4895.0	3774.0 	2
3243.0	1397.0 	5
733.0	2546.0 	1
3122.0	3518.0 	2
1126.0	218.0 	3
4178.0	1172.0 	5
1737.0	919.0 	3
878.0	2098.0 	1
257.0	2781.0 	1
3416.0	707.0 	5
1060.0	2099.0 	1
2110.0	1636.0 	3
4381.0	2663.0 	2
2807.0	2027.0 	3
4986.0	2508.0 	5
3895.0	1561.0 	5
868.0	647.0 	1
2880.0	1515.0 	3
1604.0	4038.0 	4
2562.0	4009.0 	4
190.0	2411.0 	1
4450.0	4565.0 	2
2238.0	4503.0 	4
3485.0	4235.0 	2
4265.0	2869.0 	2
4004.0	3126.0 	2
3649.0	3115.0 	2
527.0	1033.0 	1
3964.0	845.0 	5
2837.0	536.0 	3
990.0	1857.0 	1
4363.0	1466.0 	5
2141.0	803.0 	3
628.0	606.0 	1
1342.0	1178.0 	3
50.0	3452.0 	4
3953.0	3338.0 	2
2563.0	3.0 	3
528.0	1493.0 	1
1084.0	2370.0 	1
2950.0	2569.0 	2
1863.0	624.0 	3
1433.0	1384.0 	3
4792.0	4300.0 	2
3803.0	4762.0 	2
2748.0	4374.0 	2
156.0	18.0 	1
2575.0	3213.0 	2
2245.0	136.0 	3
3925.0	863.0 	5
79.0	1690.0 	1
4496.0	667.0 	5
3807.0	478.0 	5
1969.0	3870.0 	4
3077.0	3603.0 	2
1095.0	4453.0 	4
460.0	515.0 	1
3394.0	2314.0 	5
1927.0	4791.0 	4
4036.0	598.0 	5
4363.0	3357.0 	2
1022.0	1730.0 	1
1996.0	1684.0 	3
4168.0	3714.0 	2
2726.0	1098.0 	3
15.0	2444.0 	1
2538.0	3362.0 	4
4556.0	3580.0 	2
4208.0	3190.0 	2
1288.0	1435.0 	1
3576.0	1020.0 	5
4704.0	3180.0 	2
2196.0	3676.0 	4
3998.0	832.0 	5
4220.0	2752.0 	2
2050.0	250.0 	3
3336.0	4424.0 	2
1527.0	4977.0 	4
2723.0	3806.0 	2
1599.0	1269.0 	3
2096.0	609.0 	3
3368.0	4687.0 	2
4832.0	301.0 	5
361.0	3470.0 	4
821.0	2451.0 	1
1406.0	3975.0 	4
127.0	393.0 	1
2984.0	826.0 	3
3445.0	2754.0 	2
4195.0	2352.0 	5
4413.0	1852.0 	5
327.0	1339.0 	1
4889.0	60.0 	5
1529.0	1794.0 	1
3131.0	4547.0 	2
2476.0	329.0 	3
3874.0	3557.0 	2
3914.0	3718.0 	2
4037.0	2812.0 	2
3239.0	218.0 	5
1262.0	3315.0 	4
3513.0	3423.0 	2
808.0	342.0 	3
444.0	2350.0 	1
4124.0	1404.0 	5
4381.0	896.0 	5
3000.0	2635.0 	2
507.0	1077.0 	1
2697.0	4795.0 	2
2586.0	391.0 	3
2014.0	548.0 	3
3445.0	4471.0 	2
832.0	3891.0 	4
4199.0	1561.0 	5
3355.0	1245.0 	5
4539.0	4099.0 	2
2098.0	4638.0 	4
2734.0	58.0 	3
2105.0	3141.0 	4
279.0	2748.0 	1
4976.0	4487.0 	2
1822.0	1792.0 	3
3934.0	2284.0 	5
4998.0	166.0 	5
1646.0	228.0 	3
2497.0	4168.0 	4
3278.0	1212.0 	5
1865.0	3061.0 	4
1185.0	2558.0 	1
4626.0	2965.0 	2
3401.0	4286.0 	2
4965.0	1265.0 	5
2659.0	3907.0 	2
978.0	4949.0 	4
3938.0	3566.0 	2
1048.0	1768.0 	1
1959.0	1853.0 	3
1659.0	3735.0 	4
2065.0	3367.0 	4
1605.0	4979.0 	4
649.0	1891.0 	1
2260.0	3424.0 	4
2316.0	4650.0 	4
2193.0	1682.0 	3
1747.0	2623.0 	1
3228.0	3905.0 	2
2163.0	2403.0 	3
4857.0	3780.0 	2
733.0	4506.0 	4
3887.0	3732.0 	2
3285.0	165.0 	5
2884.0	118.0 	3
1422.0	4740.0 	4
58.0	2726.0 	1
2568.0	1004.0 	3
569.0	2119.0 	1
3218.0	4394.0 	2
4554.0	675.0 	5
3261.0	2121.0 	5
3627.0	1206.0 	5
4567.0	4360.0 	2
3775.0	205.0 	5
638.0	115.0 	1
1109.0	2116.0 	1
2544.0	2660.0 	2
2108.0	2184.0 	3
2117.0	4367.0 	4
3076.0	902.0 	5
693.0	817.0 	1
4812.0	4225.0 	2
1742.0	4470.0 	4
1627.0	2957.0 	4
3496.0	4726.0 	2
3248.0	985.0 	5
4144.0	2823.0 	2
1776.0	3236.0 	4
1188.0	4578.0 	4
3284.0	3372.0 	2
1607.0	746.0 	3
4676.0	4000.0 	2
3586.0	3115.0 	2
2065.0	2714.0 	4
3556.0	3899.0 	2
3971.0	3367.0 	2
3231.0	1949.0 	5
2607.0	4219.0 	4
1678.0	1933.0 	1
2343.0	352.0 	3
4499.0	1403.0 	5
4913.0	4302.0 	2
3938.0	4060.0 	2
2916.0	897.0 	3
3379.0	102.0 	5
434.0	2510.0 	1
4571.0	2343.0 	5
764.0	2219.0 	1
2046.0	1158.0 	3
1466.0	1203.0 	3
3439.0	2202.0 	5
4102.0	2186.0 	5
1091.0	4474.0 	4
1850.0	4359.0 	4
441.0	2814.0 	1
3901.0	4575.0 	2
2732.0	3035.0 	2
976.0	4176.0 	4
955.0	1406.0 	1
2511.0	1962.0 	3
3057.0	1473.0 	5
1946.0	4641.0 	4
895.0	3981.0 	4
3108.0	1234.0 	5
4713.0	1614.0 	5
1379.0	1934.0 	1
2991.0	781.0 	3
3080.0	3952.0 	2
962.0	3801.0 	4
4674.0	3556.0 	2
3529.0	2274.0 	5
4024.0	3798.0 	2
2543.0	4565.0 	4
1361.0	755.0 	3
3545.0	3156.0 	2
2762.0	1291.0 	3
2148.0	2546.0 	3
495.0	606.0 	1
2449.0	523.0 	3
2862.0	4986.0 	2
2474.0	605.0 	3
4320.0	1033.0 	5
3745.0	2999.0 	2
4699.0	303.0 	5
2237.0	278.0 	3
1093.0	2514.0 	1
2582.0	4028.0 	4
1550.0	3744.0 	4
4420.0	4561.0 	2
4271.0	3240.0 	2
3041.0	4576.0 	2
312.0	2643.0 	1
3556.0	2787.0 	2
3607.0	666.0 	5
4119.0	3971.0 	2
3887.0	4450.0 	2
4384.0	3660.0 	2
930.0	3907.0 	4
336.0	2464.0 	1
3383.0	4462.0 	2
2205.0	1697.0 	3
891.0	2814.0 	1
377.0	4574.0 	4
4942.0	206.0 	5
383.0	1611.0 	1
4694.0	9.0 	5
1624.0	4871.0 	4
3960.0	3768.0 	2
2588.0	4936.0 	4
1190.0	1760.0 	1
1398.0	233.0 	3
485.0	1929.0 	1
1060.0	4514.0 	4
3.0	4384.0 	4
2207.0	926.0 	3
4921.0	1988.0 	5
1626.0	46.0 	3
4555.0	2387.0 	5
4302.0	2868.0 	2
1035.0	2139.0 	1
2992.0	1926.0 	5
4441.0	3865.0 	2
3625.0	1490.0 	5
960.0	2317.0 	1
842.0	1255.0 	1
4769.0	787.0 	5
935.0	1949.0 	1
1436.0	1618.0 	1
1034.0	3472.0 	4
4923.0	3970.0 	2
4802.0	1296.0 	5
2875.0	1242.0 	3
2111.0	4434.0 	4
602.0	137.0 	1
3886.0	3206.0 	2
1831.0	784.0 	3
3238.0	3662.0 	2
1615.0	4742.0 	4
4820.0	1388.0 	5
3386.0	1027.0 	5
3502.0	3252.0 	2
898.0	1769.0 	1
4225.0	3798.0 	2
2030.0	2418.0 	3
2357.0	4855.0 	4
2140.0	3976.0 	4
563.0	1714.0 	1
4327.0	1512.0 	5
1436.0	1058.0 	3
1011.0	2687.0 	1
2498.0	2398.0 	3
2070.0	2664.0 	4
1075.0	2290.0 	1
3389.0	4794.0 	2
3059.0	1537.0 	5
855.0	4187.0 	4
4552.0	1425.0 	5
2025.0	3783.0 	4
1923.0	160.0 	3
3204.0	1805.0 	5
1356.0	1239.0 	3
2959.0	3278.0 	2
2645.0	3794.0 	2
481.0	4382.0 	4
217.0	2038.0 	1
3273.0	4106.0 	2
825.0	2533.0 	1
3480.0	2123.0 	5
3210.0	1541.0 	5
1988.0	4848.0 	4
3540.0	3496.0 	2
397.0	2405.0 	1
2169.0	2390.0 	3
1608.0	180.0 	3
713.0	3287.0 	4
4801.0	2193.0 	5
2315.0	4434.0 	4
3413.0	1280.0 	5
1907.0	3598.0 	4
4136.0	2880.0 	2
3950.0	2360.0 	5
1090.0	1697.0 	1
838.0	3955.0 	4
3392.0	4555.0 	2
3681.0	1273.0 	5
4530.0	3445.0 	2
1858.0	3791.0 	4
119.0	2659.0 	1
4729.0	63.0 	5
538.0	3999.0 	4
1722.0	4075.0 	4
2386.0	3736.0 	4
3156.0	1564.0 	5
875.0	1962.0 	1
756.0	1175.0 	1
208.0	4290.0 	4
703.0	4527.0 	4
4757.0	2393.0 	5
1944.0	120.0 	3
2682.0	1042.0 	3
1407.0	2815.0 	4
3777.0	2896.0 	2
1442.0	633.0 	3
3510.0	3500.0 	2
4146.0	3324.0 	2
2104.0	2733.0 	4
59.0	990.0 	1
2037.0	2445.0 	3
3739.0	485.0 	5
63.0	2003.0 	1
1094.0	574.0 	3
4000.0	2154.0 	5
2206.0	1307.0 	3
505.0	847.0 	1
2898.0	4613.0 	2
593.0	716.0 	1
1465.0	3956.0 	4
3454.0	1403.0 	5
2117.0	4093.0 	4
4121.0	4422.0 	2
2985.0	2532.0 	2
4540.0	3853.0 	2
2639.0	3905.0 	2
4616.0	2814.0 	2
2287.0	4164.0 	4
2756.0	2439.0 	3
4931.0	107.0 	5
3845.0	461.0 	5
3757.0	4533.0 	2
4812.0	4934.0 	2
3486.0	3516.0 	2
698.0	480.0 	1
2613.0	2445.0 	3
3007.0	4889.0 	2
3885.0	602.0 	5
3332.0	2569.0 	2
698.0	483.0 	1
2954.0	1944.0 	5
2065.0	874.0 	3
3365.0	4363.0 	2
2488.0	4290.0 	4
3272.0	2497.0 	2
2903.0	1492.0 	3
642.0	2159.0 	1
3790.0	960.0 	5
2900.0	1286.0 	3
4391.0	944.0 	5
1254.0	1653.0 	1
1229.0	4322.0 	4
4417.0	463.0 	5
1345.0	3800.0 	4
473.0	2298.0 	1
3959.0	4742.0 	2
4419.0	3186.0 	2
3575.0	4807.0 	2
4323.0	1276.0 	5
51.0	4912.0 	4
4427.0	2959.0 	2
3269.0	3075.0 	2
4612.0	404.0 	5
1421.0	1224.0 	3
3408.0	1615.0 	5
3039.0	4015.0 	2
4076.0	4050.0 	2
679.0	4482.0 	4
2503.0	1189.0 	3
1440.0	3377.0 	4
1413.0	1113.0 	3
2787.0	392.0 	3
3772.0	527.0 	5
2221.0	1262.0 	3
436.0	1996.0 	1
1543.0	3083.0 	4
4348.0	2066.0 	5
85.0	3986.0 	4
1576.0	4908.0 	4
2057.0	578.0 	3
3674.0	4081.0 	2
840.0	715.0 	1
4084.0	2305.0 	5
1985.0	3899.0 	4
554.0	3855.0 	4
3684.0	1973.0 	5
744.0	992.0 	1
1840.0	2366.0 	1
3776.0	2063.0 	5
1643.0	4238.0 	4
951.0	202.0 	3
824.0	4592.0 	4
3555.0	2015.0 	5
2116.0	4505.0 	4
4068.0	3423.0 	2
2631.0	2808.0 	2
4000.0	1845.0 	5
449.0	2575.0 	1
1112.0	2280.0 	1
4748.0	1563.0 	5
2298.0	489.0 	3
3660.0	886.0 	5
4888.0	4263.0 	2
2970.0	1009.0 	3
4828.0	4507.0 	2
1065.0	3537.0 	4
608.0	401.0 	1
1417.0	1399.0 	3
1121.0	4021.0 	4
3529.0	4812.0 	2
3173.0	1999.0 	5
62.0	3910.0 	4
1586.0	2779.0 	4
3365.0	4686.0 	2
2687.0	521.0 	3
141.0	1285.0 	1
3934.0	4719.0 	2
3443.0	4309.0 	2
4920.0	3074.0 	2
2276.0	304.0 	3
350.0	3499.0 	4
3692.0	2985.0 	2
2575.0	4284.0 	4
673.0	820.0 	1
2563.0	3633.0 	4
636.0	1177.0 	1
1615.0	1652.0 	3
1353.0	3873.0 	4
864.0	2355.0 	1
1835.0	3882.0 	4
2818.0	1061.0 	3
2094.0	1653.0 	3
1906.0	1354.0 	3
2419.0	803.0 	3
2592.0	2396.0 	3
1499.0	4584.0 	4
1487.0	1683.0 	1
3328.0	2245.0 	5
3240.0	2287.0 	5
90.0	4314.0 	4
553.0	4561.0 	4
3583.0	3151.0 	2
4091.0	3555.0 	2
708.0	1043.0 	1
2720.0	4265.0 	2
1456.0	4303.0 	4
3943.0	780.0 	5
799.0	1743.0 	1
3618.0	832.0 	5
2523.0	3525.0 	4
3915.0	1662.0 	5
593.0	4537.0 	4
1369.0	4059.0 	4
3732.0	2422.0 	5
1919.0	3799.0 	4
1556.0	2741.0 	4
1102.0	5.0 	3
4517.0	4104.0 	2
2075.0	2982.0 	4
931.0	4173.0 	4
19.0	4178.0 	4
4936.0	184.0 	5
2744.0	4974.0 	2
2761.0	4386.0 	2
4854.0	2478.0 	5
160.0	4503.0 	4
789.0	4182.0 	4
3633.0	2214.0 	5
2766.0	3558.0 	2
3064.0	2167.0 	5
1358.0	3644.0 	4
4605.0	4873.0 	2
2009.0	2653.0 	4
4685.0	1767.0 	5
4317.0	3267.0 	2
3186.0	3707.0 	2
2947.0	3820.0 	2
2566.0	881.0 	3
624.0	1345.0 	1
2709.0	1906.0 	3
631.0	458.0 	1
786.0	31.0 	3
2239.0	192.0 	3
3535.0	1938.0 	5
557.0	4665.0 	4
3779.0	2106.0 	5
1079.0	1264.0 	1
666.0	3882.0 	4
1638.0	545.0 	3
2151.0	1293.0 	3
3535.0	753.0 	5
4904.0	2648.0 	2
1832.0	2420.0 	1
1777.0	4829.0 	4
2629.0	351.0 	3
3840.0	3151.0 	2
3487.0	1456.0 	5
4948.0	2513.0 	5
3678.0	2915.0 	2
1021.0	3111.0 	4
2886.0	2789.0 	2
4521.0	3957.0 	2
4322.0	2108.0 	5
967.0	2368.0 	1
21.0	774.0 	1
3675.0	1917.0 	5
799.0	2958.0 	4
374.0	3300.0 	4
3853.0	4394.0 	2
4985.0	3230.0 	2
4686.0	929.0 	5
4305.0	2180.0 	5
1156.0	3933.0 	4
229.0	4532.0 	4
4675.0	2911.0 	2
718.0	3079.0 	4
4904.0	1110.0 	5
3356.0	1141.0 	5
834.0	4920.0 	4
1461.0	4797.0 	4
3417.0	2604.0 	2
3927.0	1165.0 	5
3061.0	3566.0 	2
3822.0	631.0 	5
1263.0	1824.0 	1
1302.0	3456.0 	4
3393.0	3784.0 	2
276.0	3472.0 	4
4031.0	3473.0 	2
3327.0	4493.0 	2
2998.0	4810.0 	2
3482.0	2894.0 	2
630.0	3285.0 	4
4770.0	1892.0 	5
2833.0	4521.0 	2
2914.0	1189.0 	3
3346.0	1486.0 	5
3504.0	1821.0 	5
65.0	3522.0 	4
1992.0	671.0 	3
2288.0	925.0 	3
4662.0	54.0 	5
1019.0	1160.0 	1
4945.0	4993.0 	2
2511.0	416.0 	3
4577.0	1569.0 	5
1777.0	3037.0 	4
3985.0	2486.0 	5
2973.0	1515.0 	5
3300.0	1365.0 	5
1842.0	4190.0 	4
3244.0	347.0 	5
2255.0	168.0 	3
1753.0	2557.0 	1
4943.0	3080.0 	2
2061.0	4683.0 	4
1957.0	342.0 	3
676.0	4011.0 	4
3656.0	75.0 	5
4987.0	417.0 	5
274.0	525.0 	1
1322.0	3216.0 	4
1199.0	295.0 	3
2714.0	1454.0 	3
3486.0	2429.0 	5
1428.0	227.0 	3
4186.0	847.0 	5
767.0	539.0 	1
967.0	4306.0 	4
2018.0	973.0 	3
1015.0	2455.0 	1
86.0	2584.0 	1
4114.0	3092.0 	2
4502.0	4077.0 	2
3405.0	4635.0 	2
2577.0	2409.0 	3
4627.0	2301.0 	5
1050.0	923.0 	1
3327.0	693.0 	5
4806.0	1805.0 	5
950.0	3195.0 	4
2154.0	2718.0 	4
2748.0	4375.0 	2
2544.0	269.0 	3
1556.0	506.0 	3
2183.0	98.0 	3
421.0	1218.0 	1
4755.0	3012.0 	2
1156.0	4488.0 	4
3086.0	3120.0 	2
513.0	553.0 	1
3627.0	4788.0 	2
725.0	1684.0 	1
1852.0	2416.0 	1
1793.0	45.0 	3
3454.0	213.0 	5
543.0	569.0 	1
50.0	3705.0 	4
1919.0	2786.0 	4
2635.0	4058.0 	2
4774.0	3107.0 	2
192.0	1009.0 	1
1979.0	4925.0 	4
2860.0	2344.0 	5
1970.0	4437.0 	4
1972.0	3500.0 	4
4261.0	2864.0 	2
3589.0	3665.0 	2
4990.0	2882.0 	2
2047.0	1456.0 	3
4955.0	497.0 	5
3637.0	2072.0 	5
4199.0	1162.0 	5
2536.0	1051.0 	3
3442.0	3600.0 	2
3859.0	4439.0 	2
4338.0	3709.0 	2
2394.0	4409.0 	4
742.0	2394.0 	1
3057.0	2734.0 	2
2362.0	1570.0 	3
1930.0	3735.0 	4
3315.0	271.0 	5
997.0	4973.0 	4
2726.0	3197.0 	2
2275.0	2172.0 	3
842.0	533.0 	1
1269.0	4763.0 	4
3061.0	2683.0 	2
4410.0	3171.0 	2
2512.0	3445.0 	4
4518.0	644.0 	5
430.0	931.0 	1
2386.0	3517.0 	4
2087.0	3545.0 	4
2671.0	3343.0 	2
4594.0	3792.0 	2
1987.0	123.0 	3
1114.0	2231.0 	1
3916.0	4550.0 	2
620.0	668.0 	1
173.0	2772.0 	1
7.0	2112.0 	1
4656.0	2123.0 	5
3881.0	2077.0 	5
4173.0	3855.0 	2
3634.0	1945.0 	5
4269.0	2903.0 	2
4797.0	1146.0 	5
4186.0	1909.0 	5
454.0	3615.0 	4
73.0	3702.0 	4
2609.0	4991.0 	4
1589.0	4390.0 	4
4553.0	4743.0 	2
3414.0	3306.0 	2
99.0	138.0 	1
4352.0	209.0 	5
2779.0	1712.0 	3
2397.0	1498.0 	3
3176.0	468.0 	5
839.0	2373.0 	1
3295.0	4442.0 	2
3736.0	395.0 	5
3266.0	3997.0 	2
2806.0	1450.0 	3
1882.0	173.0 	3
2025.0	2455.0 	3
2664.0	1442.0 	3
3698.0	2023.0 	5
4150.0	4297.0 	2
1550.0	2786.0 	4
1992.0	305.0 	3
4310.0	3696.0 	2
3006.0	4909.0 	2
2207.0	3617.0 	4
3697.0	4084.0 	2
3635.0	4106.0 	2
2894.0	4876.0 	2
3303.0	1797.0 	5
2022.0	3987.0 	4
1319.0	119.0 	3
1244.0	2061.0 	1
1837.0	1517.0 	3
1328.0	1494.0 	1
960.0	3894.0 	4
2538.0	4343.0 	4
468.0	2270.0 	1
964.0	4527.0 	4
4869.0	1705.0 	5
2956.0	230.0 	3
2699.0	1697.0 	3
2816.0	996.0 	3
2278.0	2268.0 	3
2124.0	121.0 	3
1362.0	4067.0 	4
2329.0	4193.0 	4
3528.0	669.0 	5
973.0	3823.0 	4
4780.0	4080.0 	2
1708.0	4783.0 	4
1683.0	126.0 	3
3669.0	1681.0 	5
4856.0	3627.0 	2
4862.0	4157.0 	2
2347.0	2447.0 	3
4994.0	4672.0 	2
2487.0	123.0 	3
3065.0	287.0 	3
3675.0	2040.0 	5
4645.0	1322.0 	5
63.0	1964.0 	1
3427.0	229.0 	5
4969.0	406.0 	5
213.0	3590.0 	4
3650.0	537.0 	5
3955.0	3926.0 	2
1996.0	1081.0 	3
1620.0	2543.0 	1
3667.0	4157.0 	2
4663.0	1530.0 	5
827.0	379.0 	3
4515.0	2726.0 	2
2131.0	3752.0 	4
653.0	637.0 	1
2870.0	4937.0 	2
2067.0	2221.0 	3
780.0	231.0 	3
344.0	4312.0 	4
1827.0	2819.0 	4
877.0	1088.0 	1
3424.0	1789.0 	5
1019.0	2448.0 	1
407.0	723.0 	1
2787.0	4768.0 	2
1482.0	1132.0 	3
3117.0	397.0 	5
2370.0	76.0 	3
2072.0	731.0 	3
515.0	2393.0 	1
511.0	122.0 	1
302.0	3731.0 	4
3992.0	3922.0 	2
3603.0	3358.0 	2
1550.0	3346.0 	4
3445.0	2157.0 	5
4895.0	2931.0 	2
2391.0	4502.0 	4
3275.0	3390.0 	2
3234.0	3123.0 	2
4837.0	767.0 	5
757.0	120.0 	3
1659.0	1470.0 	3
2626.0	3335.0 	2
1779.0	2258.0 	1
3434.0	4816.0 	2
2182.0	4989.0 	4
4960.0	897.0 	5
49.0	894.0 	1
3726.0	741.0 	5
1622.0	1570.0 	3
3908.0	1847.0 	5
927.0	945.0 	1
3955.0	4549.0 	2
2240.0	4656.0 	4
1708.0	3872.0 	4
4016.0	2653.0 	2
2267.0	962.0 	3
2645.0	3.0 	3
396.0	1638.0 	1
217.0	249.0 	1
4388.0	2837.0 	2
2709.0	4474.0 	2
1096.0	2171.0 	1
709.0	524.0 	1
3533.0	3604.0 	2
2909.0	172.0 	3
431.0	3767.0 	4
1750.0	4129.0 	4
3507.0	3563.0 	2
1137.0	2307.0 	1
448.0	301.0 	1
1093.0	1386.0 	1
3326.0	4677.0 	2
3107.0	488.0 	5
2319.0	647.0 	3
3158.0	1061.0 	5
3591.0	628.0 	5
991.0	4600.0 	4
4313.0	4144.0 	2
3665.0	4678.0 	2
156.0	2837.0 	1
3147.0	1771.0 	5
2735.0	3396.0 	2
296.0	2678.0 	1
4424.0	2071.0 	5
2460.0	4476.0 	4
4790.0	3121.0 	2
1261.0	1126.0 	3
1407.0	2835.0 	4
359.0	3581.0 	4
4460.0	1692.0 	5
2507.0	4770.0 	4
4885.0	3263.0 	2
4618.0	1727.0 	5
480.0	4159.0 	4
2715.0	1957.0 	3
2669.0	273.0 	3
4206.0	535.0 	5
197.0	1712.0 	1
1273.0	1930.0 	1
4569.0	67.0 	5
3366.0	723.0 	5
2964.0	1849.0 	5
2381.0	3024.0 	4
3328.0	100.0 	5
1818.0	120.0 	3
142.0	4170.0 	4
4525.0	3517.0 	2
3216.0	1357.0 	5
4045.0	4309.0 	2
2431.0	2938.0 	4
3771.0	3660.0 	2
4288.0	4036.0 	2
2208.0	1267.0 	3
3177.0	3219.0 	2
3376.0	2434.0 	5
954.0	980.0 	1
3570.0	575.0 	5
1633.0	4240.0 	4
3923.0	2113.0 	5
2207.0	4494.0 	4
3771.0	1160.0 	5
3022.0	3225.0 	2
4717.0	184.0 	5
3301.0	1585.0 	5
1219.0	3955.0 	4
497.0	698.0 	1
2393.0	1801.0 	3
2546.0	1270.0 	3
4008.0	3731.0 	2
3845.0	441.0 	5
1409.0	3861.0 	4
3253.0	9.0 	5
2024.0	1161.0 	3
2745.0	1876.0 	3
2229.0	1714.0 	3
2226.0	81.0 	3
1140.0	1977.0 	1
381.0	800.0 	1
1589.0	1113.0 	3
918.0	1483.0 	1
3563.0	1176.0 	5
235.0	4489.0 	4
4387.0	1500.0 	5
983.0	1676.0 	1
3683.0	2317.0 	5
1692.0	3563.0 	4
1913.0	4027.0 	4
947.0	2261.0 	1
2445.0	3707.0 	4
1293.0	2569.0 	1
3228.0	403.0 	5
3653.0	4864.0 	2
4400.0	1071.0 	5
3515.0	3311.0 	2
2298.0	2555.0 	3
3484.0	3413.0 	2
3015.0	115.0 	3
3018.0	469.0 	3
4697.0	3734.0 	2
2964.0	2412.0 	5
3093.0	291.0 	3
1037.0	1643.0 	1
3812.0	1860.0 	5
3677.0	2677.0 	2
3890.0	2867.0 	2
4862.0	1427.0 	5
3004.0	113.0 	3
1245.0	3213.0 	4
513.0	4160.0 	4
3998.0	2444.0 	5
3982.0	2927.0 	2
3301.0	3632.0 	2
1572.0	3097.0 	4
3731.0	3786.0 	2
876.0	3518.0 	4
276.0	728.0 	1
240.0	1185.0 	1
409.0	820.0 	1
3177.0	1230.0 	5
2426.0	3321.0 	4
3756.0	926.0 	5
4963.0	4498.0 	2
2884.0	626.0 	3
4524.0	3543.0 	2
4841.0	741.0 	5
1070.0	4642.0 	4
2919.0	1285.0 	3
702.0	3166.0 	4
1553.0	1745.0 	1
382.0	4691.0 	4
1516.0	4031.0 	4
425.0	2243.0 	1
4297.0	2034.0 	5
4679.0	1564.0 	5
522.0	1611.0 	1
3096.0	3401.0 	2
2702.0	4223.0 	2
3012.0	3959.0 	2
4813.0	3074.0 	2
1878.0	832.0 	3
1512.0	2738.0 	4
3626.0	2473.0 	2
736.0	296.0 	1
400.0	1290.0 	1
2873.0	3307.0 	2
4889.0	3362.0 	2
2945.0	953.0 	3
1711.0	4885.0 	4
3139.0	1856.0 	5
4299.0	1813.0 	5
2589.0	310.0 	3
4962.0	845.0 	5
2934.0	3368.0 	2
985.0	4296.0 	4
4948.0	3344.0 	2
2442.0	4988.0 	4
2723.0	1947.0 	3
1890.0	4489.0 	4
442.0	2427.0 	1
4663.0	4733.0 	2
2126.0	3913.0 	4
2424.0	2042.0 	3
2246.0	4066.0 	4
4627.0	2781.0 	2
2251.0	323.0 	3
354.0	1245.0 	1
1322.0	2632.0 	1
3433.0	2540.0 	2
4171.0	389.0 	5
1766.0	2943.0 	4
1693.0	4997.0 	4
1790.0	2854.0 	4
1487.0	1538.0 	3
3944.0	4810.0 	2
3272.0	3686.0 	2
3991.0	3421.0 	2
4133.0	947.0 	5
3571.0	2312.0 	5
1318.0	2276.0 	1
872.0	2643.0 	1
768.0	547.0 	1
2574.0	3841.0 	4
3528.0	4824.0 	2
3848.0	4933.0 	2
3872.0	272.0 	5
3557.0	268.0 	5
3445.0	1419.0 	5
4724.0	1951.0 	5
4939.0	2497.0 	5
217.0	987.0 	1
3768.0	716.0 	5
1673.0	3294.0 	4
391.0	3167.0 	4
3917.0	2625.0 	2
4897.0	546.0 	5
2258.0	2403.0 	3
331.0	2759.0 	1
4228.0	3334.0 	2
2485.0	2592.0 	3
1521.0	2061.0 	1
3265.0	508.0 	5
490.0	4451.0 	4
2497.0	4179.0 	4
4663.0	325.0 	5
699.0	3049.0 	4
3864.0	2998.0 	2
4125.0	2892.0 	2
3696.0	4602.0 	2
559.0	3511.0 	4
1455.0	3983.0 	4
393.0	2917.0 	1
358.0	703.0 	1
3962.0	1177.0 	5
3964.0	1739.0 	5
4844.0	1692.0 	5
4088.0	1987.0 	5
2371.0	2622.0 	4
3451.0	1459.0 	5
990.0	2427.0 	1
4831.0	1420.0 	5
4779.0	1719.0 	5
2853.0	3515.0 	2
1767.0	2611.0 	1
1209.0	2346.0 	1
2607.0	3333.0 	2
2870.0	1754.0 	3
2900.0	1601.0 	3
4086.0	4591.0 	2
1868.0	2976.0 	4
131.0	3431.0 	4
3168.0	99.0 	5
4174.0	149.0 	5
2801.0	321.0 	3
2903.0	3442.0 	2
2851.0	1741.0 	3
1432.0	1787.0 	1
2623.0	4966.0 	4
1436.0	1909.0 	1
92.0	3452.0 	4
1400.0	2626.0 	1
3966.0	3953.0 	2
4772.0	3670.0 	2
4561.0	3961.0 	2
152.0	2616.0 	1
579.0	4137.0 	4
4392.0	1993.0 	5
2853.0	3531.0 	2
1839.0	639.0 	3
1925.0	3663.0 	4
2318.0	171.0 	3
4199.0	1027.0 	5
3853.0	2680.0 	2
1295.0	3454.0 	4
498.0	4139.0 	4
1134.0	4812.0 	4
176.0	3935.0 	4
3096.0	4307.0 	2
1391.0	2914.0 	4
3332.0	1177.0 	5
330.0	4444.0 	4
2598.0	2944.0 	2
2777.0	1221.0 	3
4700.0	1114.0 	5
3226.0	1963.0 	5
316.0	4005.0 	4
114.0	1349.0 	1
173.0	3691.0 	4
4573.0	1401.0 	5
1163.0	30.0 	3
4560.0	13.0 	5
1798.0	2892.0 	4
1613.0	4731.0 	4
4817.0	502.0 	5
4633.0	1709.0 	5
2064.0	683.0 	3
4549.0	3771.0 	2
2869.0	2127.0 	3
2767.0	2501.0 	2
1303.0	4893.0 	4
1610.0	587.0 	3
2552.0	3930.0 	4
1818.0	3380.0 	4
4110.0	1646.0 	5
1649.0	2786.0 	4
4447.0	2651.0 	2
3539.0	2559.0 	2
2530.0	3379.0 	4
4144.0	1006.0 	5
4345.0	4292.0 	2
3450.0	2549.0 	2
2413.0	1718.0 	3
3349.0	3129.0 	2
1253.0	3473.0 	4
2245.0	3995.0 	4
1070.0	2076.0 	1
4441.0	3382.0 	2
2941.0	1956.0 	5
2331.0	2669.0 	4
3294.0	472.0 	5
3898.0	3453.0 	2
684.0	4459.0 	4
3910.0	3949.0 	2
2426.0	2171.0 	3
4657.0	1552.0 	5
3092.0	2870.0 	2
1677.0	3717.0 	4
2358.0	791.0 	3
722.0	2862.0 	1
3406.0	4263.0 	2
1648.0	4179.0 	4
715.0	3962.0 	4
2099.0	4583.0 	4
256.0	2902.0 	1
4678.0	2094.0 	5
3061.0	423.0 	3
4398.0	108.0 	5
2571.0	3249.0 	2
2646.0	3794.0 	2
4629.0	1552.0 	5
4237.0	1204.0 	5
3036.0	2485.0 	2
3084.0	977.0 	5
589.0	4640.0 	4
4992.0	2763.0 	2
744.0	3975.0 	4
4202.0	4189.0 	2
387.0	4829.0 	4
4735.0	4282.0 	2
2841.0	4560.0 	2
4158.0	1344.0 	5
3008.0	3971.0 	2
4831.0	1166.0 	5
449.0	4214.0 	4
2430.0	2641.0 	4
3506.0	2114.0 	5
1218.0	274.0 	3
2664.0	900.0 	3
3921.0	2480.0 	5
2620.0	2956.0 	2
4026.0	4841.0 	2
4183.0	2351.0 	5
2050.0	4666.0 	4
3199.0	3851.0 	2
358.0	539.0 	1
4095.0	1112.0 	5
3395.0	2110.0 	5
2601.0	1801.0 	3
2650.0	3765.0 	2
1568.0	2301.0 	1
1389.0	4031.0 	4
1452.0	4630.0 	4
2808.0	4424.0 	2
1104.0	2657.0 	1
588.0	872.0 	1
2943.0	430.0 	3
3396.0	494.0 	5
461.0	2918.0 	1
2102.0	3882.0 	4
666.0	745.0 	1
3969.0	951.0 	5
3213.0	4606.0 	2
139.0	1506.0 	1
1348.0	4326.0 	4
1020.0	3375.0 	4
3683.0	1717.0 	5
2203.0	1101.0 	3
1046.0	3336.0 	4
200.0	1816.0 	1
3192.0	98.0 	5
2675.0	2384.0 	3
3825.0	2126.0 	5
1057.0	2458.0 	1
2381.0	3738.0 	4
1245.0	1321.0 	1
3884.0	4632.0 	2
3341.0	1454.0 	5
2637.0	1221.0 	3
820.0	889.0 	1
2374.0	1065.0 	3
403.0	232.0 	1
314.0	1807.0 	1
4697.0	3159.0 	2
4423.0	2916.0 	2
1450.0	257.0 	3
1380.0	3721.0 	4
3960.0	44.0 	5
3168.0	930.0 	5
1511.0	3853.0 	4
4099.0	1170.0 	5
3132.0	1061.0 	5
996.0	3044.0 	4
1394.0	3470.0 	4
1254.0	3778.0 	4
1365.0	2121.0 	1
1828.0	1480.0 	3
4696.0	780.0 	5
3238.0	657.0 	5
2526.0	4064.0 	4
3812.0	4075.0 	2
3254.0	4783.0 	2
3606.0	2257.0 	5
2572.0	3236.0 	2
3565.0	4658.0 	2
596.0	4633.0 	4
3417.0	985.0 	5
3424.0	2148.0 	5
3957.0	2901.0 	2
1493.0	4670.0 	4
1402.0	290.0 	3
1411.0	2181.0 	1
1881.0	3567.0 	4
4678.0	2142.0 	5
3467.0	2159.0 	5
259.0	4640.0 	4
4097.0	2696.0 	2
4632.0	349.0 	5
2479.0	3131.0 	4
2764.0	2678.0 	2
905.0	2678.0 	1
2434.0	3691.0 	4
2332.0	1306.0 	3
4552.0	1783.0 	5
1657.0	4207.0 	4
2109.0	4165.0 	4
1462.0	2565.0 	1
3315.0	808.0 	5
2073.0	2179.0 	3
771.0	987.0 	1
2930.0	847.0 	3
4634.0	605.0 	5
3269.0	1956.0 	5
979.0	652.0 	3
1017.0	3276.0 	4
851.0	3575.0 	4
2493.0	4305.0 	4
3637.0	3408.0 	2
323.0	3476.0 	4
1861.0	4281.0 	4
1517.0	2959.0 	4
1639.0	3824.0 	4
177.0	4358.0 	4
2685.0	4290.0 	2
941.0	1817.0 	1
1430.0	1534.0 	1
834.0	36.0 	3
2161.0	463.0 	3
2333.0	4803.0 	4
3382.0	2161.0 	5
240.0	4580.0 	4
4823.0	3138.0 	2
4292.0	4777.0 	2
249.0	3543.0 	4
4039.0	4315.0 	2
4074.0	2863.0 	2
2076.0	3527.0 	4
4299.0	1281.0 	5
2609.0	1642.0 	3
646.0	1423.0 	1
2941.0	532.0 	3
3110.0	4507.0 	2
4377.0	701.0 	5
1626.0	2837.0 	4
2332.0	3406.0 	4
1253.0	2225.0 	1
1075.0	1406.0 	1
2379.0	162.0 	3
3382.0	3648.0 	2
3621.0	3347.0 	2
4911.0	562.0 	5
4318.0	2144.0 	5
4321.0	3926.0 	2
3965.0	3704.0 	2
2537.0	1405.0 	3
4874.0	4341.0 	2
3221.0	2303.0 	5
839.0	2131.0 	1
2063.0	4466.0 	4
2915.0	1981.0 	5
4458.0	570.0 	5
4791.0	2152.0 	5
390.0	3748.0 	4
3948.0	1880.0 	5
1145.0	642.0 	3
4347.0	3410.0 	2
1867.0	3502.0 	4
546.0	1788.0 	1
4240.0	807.0 	5
478.0	1692.0 	1
606.0	1105.0 	1
1981.0	770.0 	3
1032.0	1144.0 	1
592.0	1218.0 	1
3593.0	2029.0 	5
746.0	1602.0 	1
1720.0	194.0 	3
4179.0	4258.0 	2
3058.0	4619.0 	2
754.0	860.0 	1
4835.0	4547.0 	2
4851.0	2898.0 	2
881.0	3864.0 	4
2445.0	330.0 	3
831.0	2755.0 	1
3866.0	2452.0 	5
3661.0	1083.0 	5
4405.0	4713.0 	2
1565.0	1961.0 	1
3097.0	3529.0 	2
1870.0	1758.0 	3
4773.0	4527.0 	2
1532.0	3584.0 	4
207.0	2224.0 	1
4639.0	4692.0 	2
1540.0	341.0 	3
2886.0	1822.0 	3
1787.0	799.0 	3
3618.0	2486.0 	2
4272.0	748.0 	5
1705.0	4408.0 	4
1851.0	2435.0 	1
572.0	2905.0 	1
1996.0	2626.0 	4
1808.0	192.0 	3
4359.0	3665.0 	2
2994.0	1120.0 	3
4302.0	1707.0 	5
3879.0	196.0 	5
1256.0	2393.0 	1
2101.0	1480.0 	3
3363.0	3701.0 	2
1858.0	2178.0 	3
4135.0	2368.0 	5
2792.0	3191.0 	2
3785.0	2802.0 	2
1614.0	1450.0 	3
341.0	1632.0 	1
3087.0	1103.0 	5
4864.0	4705.0 	2
3592.0	763.0 	5
4447.0	1978.0 	5
1197.0	4606.0 	4
1205.0	3373.0 	4
1853.0	1374.0 	3
1435.0	4811.0 	4
2774.0	1295.0 	3
3309.0	4427.0 	2
1983.0	897.0 	3
2604.0	2021.0 	3
4388.0	2567.0 	2
1437.0	476.0 	3
3814.0	3559.0 	2
3711.0	3071.0 	2
4994.0	1453.0 	5
1116.0	3799.0 	4
2789.0	1516.0 	3
582.0	4493.0 	4
464.0	3868.0 	4
2561.0	4558.0 	4
5.0	1823.0 	1
4280.0	3458.0 	2
1855.0	2691.0 	4
2364.0	4333.0 	4
4915.0	3149.0 	2
4675.0	427.0 	5
2371.0	1527.0 	3
4860.0	2770.0 	2
4061.0	2743.0 	2
673.0	1753.0 	1
1939.0	3204.0 	4
71.0	606.0 	1
2379.0	563.0 	3
3477.0	1486.0 	5
1267.0	2604.0 	1
3523.0	1091.0 	5
2777.0	851.0 	3
477.0	4287.0 	4
1338.0	2198.0 	1
1897.0	2120.0 	3
3227.0	3841.0 	2
1394.0	2966.0 	4
3134.0	4863.0 	2
278.0	693.0 	1
4201.0	4371.0 	2
3052.0	1326.0 	5
1499.0	2513.0 	1
3607.0	1027.0 	5
2687.0	2686.0 	2
2250.0	405.0 	3
853.0	896.0 	1
1843.0	2331.0 	1
3553.0	4716.0 	2
315.0	3275.0 	4
3874.0	4205.0 	2
4478.0	1130.0 	5
9.0	111.0 	1
252.0	459.0 	1
3940.0	1170.0 	5
1310.0	2998.0 	4
659.0	4250.0 	4
1651.0	3206.0 	4
3122.0	123.0 	3
1977.0	4443.0 	4
698.0	3987.0 	4
4830.0	3304.0 	2
1622.0	4652.0 	4
3695.0	2973.0 	2
1922.0	4070.0 	4
2079.0	2650.0 	4
2019.0	924.0 	3
1466.0	687.0 	3
2770.0	4672.0 	2
1761.0	3043.0 	4
1438.0	890.0 	3
1509.0	3893.0 	4
1324.0	3210.0 	4
4008.0	774.0 	5
4654.0	4427.0 	2
2165.0	677.0 	3
2822.0	2620.0 	2
1705.0	1215.0 	3
3899.0	4371.0 	2
2877.0	3467.0 	2
4203.0	2278.0 	5
3318.0	97.0 	5
3683.0	2397.0 	5
4108.0	1385.0 	5
1116.0	1785.0 	1
2591.0	1710.0 	3
3722.0	2772.0 	2
1411.0	1918.0 	1
1020.0	519.0 	3
483.0	2349.0 	1
4468.0	4517.0 	2
490.0	606.0 	1
4349.0	2907.0 	2
2953.0	3429.0 	2
3375.0	1054.0 	5
376.0	4172.0 	4
3857.0	107.0 	5
969.0	3719.0 	4
443.0	3329.0 	4
3722.0	2190.0 	5
3817.0	3247.0 	2
1737.0	4403.0 	4
609.0	4385.0 	4
235.0	533.0 	1
4960.0	3754.0 	2
3470.0	3234.0 	2
1691.0	3239.0 	4
3466.0	1486.0 	5
2932.0	4696.0 	2
4677.0	2640.0 	2
960.0	4365.0 	4
2070.0	2313.0 	3
1682.0	4398.0 	4
3191.0	1387.0 	5
834.0	2578.0 	1
2809.0	4120.0 	2
197.0	4704.0 	4
4421.0	3166.0 	2
3504.0	1706.0 	5
3470.0	3558.0 	2
4879.0	2563.0 	5
839.0	3233.0 	4
1747.0	1780.0 	3
1082.0	3506.0 	4
1542.0	2839.0 	4
767.0	4360.0 	4
1660.0	286.0 	3
4428.0	2701.0 	2
3457.0	2580.0 	2
1078.0	3804.0 	4
3232.0	235.0 	5
1562.0	3734.0 	4
3545.0	2791.0 	2
4804.0	4124.0 	2
1238.0	1806.0 	1
629.0	3362.0 	4
4955.0	2814.0 	2
3676.0	1383.0 	5
944.0	3371.0 	4
633.0	695.0 	1
3664.0	4562.0 	2
4464.0	287.0 	5
3321.0	141.0 	5
2459.0	1862.0 	3
265.0	1338.0 	1
619.0	1508.0 	1
489.0	3689.0 	4
1064.0	3848.0 	4
1907.0	1051.0 	3
4168.0	3537.0 	2
4316.0	2474.0 	5
992.0	3393.0 	4
26.0	156.0 	1
375.0	1432.0 	1
4096.0	4857.0 	2
198.0	2661.0 	1
1264.0	1369.0 	1
4519.0	4008.0 	2
3175.0	4233.0 	2
2960.0	1258.0 	3
863.0	3450.0 	4
4236.0	182.0 	5
3708.0	688.0 	5
2696.0	2984.0 	2
3930.0	1406.0 	5
1587.0	964.0 	3
298.0	4105.0 	4
3935.0	4099.0 	2
2440.0	3514.0 	4
3098.0	810.0 	5
4674.0	1619.0 	5
2736.0	3666.0 	2
422.0	4534.0 	4
1164.0	4101.0 	4
3154.0	782.0 	5
2867.0	2063.0 	3
2721.0	4890.0 	2
54.0	515.0 	1
3367.0	1062.0 	5
125.0	3291.0 	4
4425.0	3314.0 	2
1005.0	364.0 	3
3163.0	3112.0 	2
1113.0	3529.0 	4
2693.0	1318.0 	3
4404.0	2728.0 	2
4324.0	2820.0 	2
1101.0	2997.0 	4
525.0	1491.0 	1
2355.0	1805.0 	3
4234.0	4164.0 	2
2958.0	4054.0 	2
4336.0	4671.0 	2
3570.0	1324.0 	5
4243.0	443.0 	5
2591.0	1470.0 	3
1640.0	830.0 	3
3600.0	1770.0 	5
1830.0	3500.0 	4
496.0	4932.0 	4
4943.0	4818.0 	2
4774.0	3175.0 	2
3312.0	3795.0 	2
2889.0	2659.0 	2
300.0	2850.0 	1
2278.0	14.0 	3
3490.0	4442.0 	2
1805.0	857.0 	3
2371.0	2828.0 	4
4658.0	3302.0 	2
136.0	1668.0 	1
239.0	3282.0 	4
2070.0	2207.0 	3
1289.0	3128.0 	4
4204.0	3688.0 	2
427.0	293.0 	1
3401.0	1404.0 	5
4185.0	1484.0 	5
316.0	1638.0 	1
2137.0	4859.0 	4
2271.0	2216.0 	3
94.0	1120.0 	1
309.0	517.0 	1
2997.0	133.0 	3
3272.0	2996.0 	2
3449.0	1842.0 	5
1183.0	1884.0 	1
1926.0	1659.0 	3
1875.0	1464.0 	3
4633.0	3314.0 	2
4233.0	1958.0 	5
1016.0	342.0 	3
4102.0	2565.0 	2
1964.0	2417.0 	3
4199.0	4682.0 	2
3658.0	612.0 	5
4246.0	766.0 	5
661.0	3550.0 	4
4800.0	1624.0 	5
3262.0	4361.0 	2
3453.0	402.0 	5
658.0	2177.0 	1
1788.0	3614.0 	4
2706.0	1557.0 	3
1706.0	1450.0 	3
860.0	3402.0 	4
2314.0	2225.0 	3
1172.0	1900.0 	1
2178.0	3134.0 	4
3061.0	1190.0 	5
4976.0	4805.0 	2
3060.0	1150.0 	5
451.0	2706.0 	1
4829.0	218.0 	5
2500.0	3033.0 	4
122.0	1824.0 	1
3959.0	2891.0 	2
2848.0	3519.0 	2
760.0	179.0 	3
4840.0	3741.0 	2
2049.0	1986.0 	3
1226.0	2129.0 	1
4202.0	3800.0 	2
529.0	4758.0 	4
4885.0	4182.0 	2
3086.0	171.0 	3
1096.0	3234.0 	4
3313.0	3665.0 	2
4901.0	3275.0 	2
1462.0	2789.0 	4
886.0	992.0 	1
2822.0	2898.0 	2
3072.0	4669.0 	2
4409.0	1255.0 	5
4603.0	1561.0 	5
2888.0	1597.0 	3
4676.0	1777.0 	5
4388.0	3263.0 	2
542.0	300.0 	1
4432.0	3778.0 	2
2103.0	826.0 	3
3525.0	3596.0 	2
740.0	2411.0 	1
3341.0	3312.0 	2
4085.0	596.0 	5
3796.0	1097.0 	5
1870.0	3992.0 	4
4069.0	886.0 	5
3464.0	1344.0 	5
4724.0	4476.0 	2
82.0	3316.0 	4
587.0	4483.0 	4
3873.0	1482.0 	5
877.0	2674.0 	1
4831.0	3177.0 	2
77.0	4262.0 	4
4312.0	3300.0 	2
1823.0	4489.0 	4
54.0	924.0 	1
2454.0	3179.0 	4
2988.0	1555.0 	5
2152.0	3698.0 	4
2427.0	1566.0 	3
4563.0	681.0 	5
3152.0	3908.0 	2
574.0	4855.0 	4
1199.0	2115.0 	1
2393.0	4032.0 	4
2486.0	3923.0 	4
2631.0	2454.0 	3
799.0	300.0 	3
3278.0	1691.0 	5
2019.0	4871.0 	4
4771.0	503.0 	5
338.0	158.0 	1
3462.0	3742.0 	2
4523.0	2109.0 	5
3368.0	1240.0 	5
580.0	1738.0 	1
2115.0	3794.0 	4
4736.0	2195.0 	5
4489.0	1198.0 	5
614.0	331.0 	1
1607.0	4018.0 	4
4514.0	49.0 	5
264.0	770.0 	1
4554.0	868.0 	5
2936.0	4453.0 	2
1031.0	1808.0 	1
1957.0	4323.0 	4
2781.0	2588.0 	2
2524.0	2930.0 	2
903.0	2880.0 	1
4155.0	3540.0 	2
3811.0	1060.0 	5
138.0	370.0 	1
3215.0	1262.0 	5
3386.0	4365.0 	2
2999.0	2451.0 	2
2411.0	931.0 	3
61.0	2709.0 	1
3780.0	2770.0 	2
2489.0	2124.0 	3
4936.0	4192.0 	2
1140.0	1242.0 	1
736.0	1710.0 	1
2941.0	4597.0 	2
1416.0	1496.0 	1
1484.0	1649.0 	1
4088.0	111.0 	5
324.0	2496.0 	1
4224.0	3217.0 	2
440.0	155.0 	1
2378.0	267.0 	3
1429.0	2246.0 	1
2889.0	3025.0 	2
559.0	2595.0 	1
1243.0	194.0 	3
2530.0	4384.0 	4
3131.0	2826.0 	2
3915.0	3823.0 	2
807.0	3811.0 	4
2329.0	235.0 	3
840.0	4839.0 	4
435.0	639.0 	1
1157.0	4947.0 	4
3480.0	4124.0 	2
144.0	921.0 	1
4063.0	2798.0 	2
3158.0	3567.0 	2
1010.0	3991.0 	4
1326.0	155.0 	3
2523.0	4294.0 	4
4785.0	391.0 	5
1315.0	102.0 	3
4375.0	1997.0 	5
3554.0	2024.0 	5
200.0	1298.0 	1
3006.0	4677.0 	2
2322.0	3606.0 	4
864.0	3019.0 	4
1237.0	4179.0 	4
420.0	2450.0 	1
2520.0	4657.0 	4
3840.0	1448.0 	5
3512.0	2768.0 	2
3018.0	2698.0 	2
1046.0	4109.0 	4
4900.0	4750.0 	2
1647.0	4098.0 	4
4092.0	3452.0 	2
3548.0	3415.0 	2
2845.0	1705.0 	3
3851.0	604.0 	5
1410.0	4078.0 	4
3503.0	2963.0 	2
2055.0	3950.0 	4
1324.0	1672.0 	1
2144.0	831.0 	3
2359.0	1567.0 	3
669.0	3233.0 	4
2392.0	4877.0 	4
2108.0	4002.0 	4
236.0	3246.0 	4
3537.0	3572.0 	2
596.0	2744.0 	1
4617.0	2754.0 	2
2014.0	1790.0 	3
2831.0	4522.0 	2
1177.0	980.0 	3
1761.0	862.0 	3
108.0	992.0 	1
3477.0	4325.0 	2
4663.0	2847.0 	2
2864.0	117.0 	3
4124.0	1948.0 	5
652.0	4611.0 	4
341.0	4519.0 	4
4708.0	2429.0 	5
1191.0	1445.0 	1
1115.0	4262.0 	4
1668.0	4902.0 	4
377.0	2281.0 	1
1315.0	4038.0 	4
994.0	4838.0 	4
3502.0	3507.0 	2
3620.0	4351.0 	2
4157.0	4490.0 	2
1641.0	4415.0 	4
1121.0	978.0 	1
4681.0	4837.0 	2
1535.0	2689.0 	1
3440.0	331.0 	5
4360.0	2604.0 	2
1476.0	2918.0 	4
3058.0	551.0 	3
803.0	491.0 	1
2340.0	4736.0 	4
3926.0	4005.0 	2
3466.0	4328.0 	2
2134.0	978.0 	3
4212.0	3063.0 	2
4128.0	3007.0 	2
3199.0	3034.0 	2
1867.0	1124.0 	3
2177.0	1018.0 	3
2116.0	2230.0 	3
812.0	2305.0 	1
2767.0	2638.0 	2
4075.0	3837.0 	2
4694.0	4846.0 	2
4529.0	3743.0 	2
2849.0	3596.0 	2
2173.0	3570.0 	4
1823.0	2194.0 	1
1970.0	4925.0 	4
169.0	1926.0 	1
2598.0	936.0 	3
4656.0	4062.0 	2
3028.0	1785.0 	5
3982.0	4664.0 	2
1837.0	2448.0 	1
1235.0	107.0 	3
1758.0	628.0 	3
4355.0	4056.0 	2
4982.0	3929.0 	2
1051.0	589.0 	3
2985.0	3051.0 	2
3698.0	4187.0 	2
1280.0	330.0 	3
673.0	4447.0 	4
4641.0	3628.0 	2
4342.0	150.0 	5
620.0	1612.0 	1
2651.0	672.0 	3
3123.0	4424.0 	2
1256.0	1975.0 	1
703.0	1487.0 	1
4281.0	1518.0 	5
4417.0	4444.0 	2
208.0	3064.0 	1
1795.0	3912.0 	4
4428.0	2336.0 	5
4430.0	4571.0 	2
361.0	1950.0 	1
2960.0	2884.0 	2
3967.0	1435.0 	5
3287.0	1739.0 	5
4201.0	3399.0 	2
257.0	3791.0 	4
2728.0	838.0 	3
130.0	2338.0 	1
4732.0	47.0 	5
435.0	3906.0 	4
3806.0	2430.0 	5
4866.0	180.0 	5
4128.0	4772.0 	2
2216.0	1985.0 	3
1776.0	2522.0 	1
2135.0	279.0 	3
1342.0	212.0 	3
2033.0	4889.0 	4
3063.0	4055.0 	2
2753.0	738.0 	3
3656.0	296.0 	5
2470.0	3792.0 	4
435.0	383.0 	1
3804.0	1408.0 	5
1812.0	4052.0 	4
2076.0	4635.0 	4
916.0	3170.0 	4
3252.0	665.0 	5
1049.0	4617.0 	4
1798.0	446.0 	3
4527.0	1765.0 	5
1926.0	3900.0 	4
4212.0	1979.0 	5
4764.0	960.0 	5
805.0	136.0 	3
4570.0	2267.0 	5
4436.0	4303.0 	2
1097.0	3880.0 	4
3230.0	2385.0 	5
3459.0	400.0 	5
1601.0	4041.0 	4
1181.0	3593.0 	4
2978.0	3867.0 	2
3401.0	975.0 	5
2607.0	3160.0 	2
4417.0	2804.0 	2
4691.0	4397.0 	2
2588.0	3658.0 	2
4210.0	4438.0 	2
3273.0	4098.0 	2
646.0	3861.0 	4
4544.0	1598.0 	5
127.0	4713.0 	4
409.0	390.0 	1
3807.0	4980.0 	2
4795.0	1047.0 	5
2535.0	1185.0 	3
2238.0	1946.0 	3
355.0	4719.0 	4
661.0	339.0 	1
4408.0	2937.0 	2
2650.0	1040.0 	3
3998.0	4893.0 	2
4050.0	4100.0 	2
3848.0	2315.0 	5
4446.0	1062.0 	5
4250.0	152.0 	5
3466.0	3447.0 	2
2061.0	149.0 	3
4825.0	535.0 	5
803.0	3888.0 	4
3457.0	3497.0 	2
3790.0	452.0 	5
1219.0	2209.0 	1
2873.0	3164.0 	2
3281.0	809.0 	5
4365.0	4229.0 	2
4737.0	1856.0 	5
1015.0	928.0 	1
4498.0	3398.0 	2
3848.0	4995.0 	2
1423.0	2906.0 	4
2822.0	385.0 	3
2285.0	1088.0 	3
246.0	3799.0 	4
2702.0	1490.0 	3
582.0	2747.0 	1
3406.0	2544.0 	2
3417.0	3158.0 	2
2809.0	3405.0 	2
1295.0	4883.0 	4
1163.0	3601.0 	4
2442.0	3625.0 	4
1152.0	840.0 	3
4135.0	1136.0 	5
1913.0	3191.0 	4
4312.0	2728.0 	2
776.0	2391.0 	1
3819.0	1416.0 	5
4526.0	2515.0 	5
1698.0	4725.0 	4
3860.0	800.0 	5
3628.0	2722.0 	2
4175.0	4391.0 	2
2832.0	1421.0 	3
1939.0	1441.0 	3
1867.0	479.0 	3
2475.0	4169.0 	4
4812.0	4119.0 	2
3326.0	4422.0 	2
1930.0	3750.0 	4
226.0	2735.0 	1
3904.0	49.0 	5
2061.0	3517.0 	4
1807.0	2852.0 	4
2312.0	3898.0 	4
2801.0	3189.0 	2
4761.0	794.0 	5
1627.0	749.0 	3
4046.0	4872.0 	2
322.0	4566.0 	4
2397.0	4679.0 	4
3304.0	445.0 	5
3057.0	1847.0 	5
692.0	4716.0 	4
2084.0	671.0 	3
4032.0	4657.0 	2
350.0	906.0 	1
4971.0	1450.0 	5
808.0	3293.0 	4
3495.0	4868.0 	2
124.0	4746.0 	4
225.0	4821.0 	4
2044.0	144.0 	3
1046.0	2405.0 	1
1792.0	4636.0 	4
1873.0	3257.0 	4
2865.0	2253.0 	3
2578.0	4210.0 	4
804.0	4114.0 	4
3744.0	4153.0 	2
3612.0	2961.0 	2
1804.0	1167.0 	3
2122.0	3112.0 	4
194.0	4769.0 	4
326.0	1116.0 	1
1534.0	2919.0 	4
3889.0	3013.0 	2
4692.0	248.0 	5
2586.0	1675.0 	3
4885.0	3503.0 	2
870.0	353.0 	3
1711.0	3458.0 	4
4046.0	1251.0 	5
3556.0	4233.0 	2
183.0	111.0 	1
1660.0	3858.0 	4
410.0	2007.0 	1
4976.0	236.0 	5
1.0	51.0 	1
2485.0	2401.0 	3
1714.0	461.0 	3
3183.0	672.0 	5
4100.0	1671.0 	5
1387.0	2802.0 	4
1990.0	2933.0 	4
626.0	186.0 	1
3547.0	1300.0 	5
77.0	844.0 	1
3232.0	2561.0 	2
4560.0	753.0 	5
434.0	3828.0 	4
3843.0	1281.0 	5
436.0	1471.0 	1
4169.0	2743.0 	2
3855.0	428.0 	5
2226.0	4707.0 	4
613.0	3589.0 	4
3876.0	3136.0 	2
2748.0	1614.0 	3
1859.0	3078.0 	4
518.0	613.0 	1
2168.0	1583.0 	3
3756.0	4120.0 	2
2317.0	2651.0 	4
4116.0	4975.0 	2
2464.0	1450.0 	3
2359.0	1138.0 	3
3447.0	4189.0 	2
1043.0	1245.0 	1
3595.0	2825.0 	2
1908.0	1385.0 	3
3889.0	3458.0 	2
4783.0	4964.0 	2
1293.0	1100.0 	3
2319.0	3564.0 	4
4381.0	4157.0 	2
1048.0	3128.0 	4
738.0	3638.0 	4
3824.0	1133.0 	5
161.0	4147.0 	4
2024.0	1179.0 	3
2755.0	2720.0 	2
1369.0	4063.0 	4
4318.0	803.0 	5
3230.0	1698.0 	5
3199.0	797.0 	5
3705.0	4436.0 	2
2823.0	3300.0 	2
2884.0	3295.0 	2
1656.0	2632.0 	1
4838.0	349.0 	5
2864.0	3972.0 	2
4184.0	1649.0 	5
1150.0	4997.0 	4
4534.0	3358.0 	2
948.0	2857.0 	1
2677.0	4636.0 	2
4990.0	3751.0 	2
2511.0	187.0 	3
763.0	4508.0 	4
2592.0	3169.0 	2
4707.0	203.0 	5
4511.0	3563.0 	2
3956.0	2737.0 	2
4860.0	2341.0 	5
497.0	1781.0 	1
2475.0	1589.0 	3
3168.0	3186.0 	2
826.0	3765.0 	4
1031.0	1687.0 	1
3052.0	2933.0 	2
843.0	1902.0 	1
3465.0	4145.0 	2
1365.0	4855.0 	4
1986.0	175.0 	3
2420.0	1687.0 	3
3279.0	1464.0 	5
4914.0	3038.0 	2
2651.0	3325.0 	2
1937.0	2501.0 	1
4083.0	3237.0 	2
166.0	1944.0 	1
2505.0	4996.0 	4
2289.0	1827.0 	3
4783.0	2158.0 	5
3492.0	1281.0 	5
2878.0	660.0 	3
2058.0	543.0 	3
731.0	496.0 	1
716.0	1378.0 	1
1400.0	4642.0 	4
428.0	973.0 	1
2034.0	59.0 	3
4511.0	395.0 	5
1599.0	2294.0 	1
1984.0	4278.0 	4
1514.0	2092.0 	1
1291.0	4896.0 	4
3281.0	2045.0 	5
2625.0	58.0 	3
881.0	3013.0 	4
4266.0	4838.0 	2
3017.0	428.0 	3
176.0	3621.0 	4
1510.0	2229.0 	1
641.0	1132.0 	1
95.0	1788.0 	1
1999.0	1190.0 	3
4891.0	2782.0 	2
1815.0	3716.0 	4
1575.0	1819.0 	1
2191.0	1316.0 	3
3645.0	1764.0 	5
4393.0	199.0 	5
2118.0	3910.0 	4
3654.0	1019.0 	5
4390.0	2964.0 	2
2517.0	259.0 	3
2235.0	163.0 	3
4342.0	363.0 	5
167.0	2604.0 	1
2113.0	4574.0 	4
2859.0	3242.0 	2
475.0	224.0 	1
552.0	2954.0 	1
516.0	2730.0 	1
3618.0	3880.0 	2
876.0	789.0 	1
2357.0	1909.0 	3
1790.0	2098.0 	3
4943.0	4585.0 	2
1774.0	3071.0 	4
3686.0	1218.0 	5
49.0	2971.0 	1
4176.0	1448.0 	5
1799.0	2558.0 	1
1786.0	3338.0 	4
264.0	1779.0 	1
3082.0	4831.0 	2
213.0	3300.0 	4
4753.0	4995.0 	2
3430.0	3734.0 	2
4101.0	2294.0 	5
3409.0	1356.0 	5
171.0	879.0 	1
3891.0	2869.0 	2
2537.0	3264.0 	4
477.0	967.0 	1
4757.0	1941.0 	5
970.0	3198.0 	4
3911.0	42.0 	5
749.0	4116.0 	4
4320.0	1903.0 	5
582.0	4938.0 	4
1536.0	2270.0 	1
315.0	3258.0 	4
3279.0	3740.0 	2
1790.0	142.0 	3
963.0	2621.0 	1
1433.0	375.0 	3
4189.0	1129.0 	5
2648.0	4044.0 	2
3757.0	2600.0 	2
3441.0	3275.0 	2
1569.0	3963.0 	4
3977.0	1867.0 	5
3659.0	2808.0 	2
2168.0	3925.0 	4
4166.0	1133.0 	5
2563.0	437.0 	3
285.0	652.0 	1
1263.0	4166.0 	4
4060.0	4988.0 	2
256.0	2370.0 	1
3210.0	4624.0 	2
706.0	3212.0 	4
1077.0	3536.0 	4
4462.0	1016.0 	5
327.0	1622.0 	1
2601.0	2893.0 	2
359.0	871.0 	1
4102.0	3695.0 	2
125.0	2976.0 	1
1524.0	3845.0 	4
4222.0	574.0 	5
4664.0	2960.0 	2
335.0	2134.0 	1
1510.0	4715.0 	4
4719.0	2371.0 	5
1567.0	3820.0 	4
2454.0	3123.0 	4
4390.0	2182.0 	5
988.0	221.0 	3
2864.0	1871.0 	3
3782.0	2818.0 	2
2063.0	3938.0 	4
4637.0	11.0 	5
2609.0	3001.0 	2
1129.0	1204.0 	1
3117.0	3992.0 	2
4064.0	3149.0 	2
4804.0	4664.0 	2
3440.0	852.0 	5
1685.0	2429.0 	1
487.0	3177.0 	4
2009.0	3288.0 	4
3110.0	4423.0 	2
4863.0	4966.0 	2
3301.0	460.0 	5
4146.0	1889.0 	5
1881.0	1320.0 	3
4506.0	3464.0 	2
2282.0	1369.0 	3
372.0	1706.0 	1
2515.0	828.0 	3
149.0	521.0 	1
4325.0	4871.0 	2
3849.0	1984.0 	5
667.0	4044.0 	4
3416.0	4935.0 	2
89.0	1388.0 	1
2909.0	1741.0 	3
240.0	1606.0 	1
3398.0	3157.0 	2
3225.0	4740.0 	2
3836.0	493.0 	5
4331.0	2132.0 	5
2515.0	4119.0 	4
2728.0	1821.0 	3
1854.0	1378.0 	3
4196.0	4337.0 	2
1190.0	2476.0 	1
840.0	4267.0 	4
1042.0	2248.0 	1
4254.0	214.0 	5
4852.0	3143.0 	2
3342.0	4451.0 	2
423.0	2071.0 	1
338.0	2505.0 	1
562.0	4854.0 	4
2347.0	4161.0 	4
1700.0	1957.0 	3
1568.0	2630.0 	1
4145.0	2726.0 	2
1314.0	2921.0 	4
4032.0	4328.0 	2
173.0	578.0 	1
3551.0	3056.0 	2
1417.0	592.0 	3
3587.0	2737.0 	2
116.0	167.0 	1
4565.0	1399.0 	5
4879.0	1291.0 	5
1465.0	1589.0 	1
4629.0	4711.0 	2
4655.0	2683.0 	2
676.0	364.0 	1
13.0	3898.0 	4
3635.0	2496.0 	2
958.0	3943.0 	4
1047.0	4461.0 	4
2224.0	4246.0 	4
402.0	1683.0 	1
3444.0	1971.0 	5
2064.0	1350.0 	3
1036.0	4879.0 	4
3641.0	1857.0 	5
4276.0	675.0 	5
4325.0	1515.0 	5
795.0	3941.0 	4
4410.0	790.0 	5
4172.0	3908.0 	2
4659.0	4078.0 	2
842.0	3233.0 	4
3581.0	2189.0 	5
1827.0	1128.0 	3
586.0	4901.0 	4
1664.0	3393.0 	4
2996.0	1539.0 	5
4880.0	2362.0 	5
2998.0	2792.0 	2
3992.0	2898.0 	2
2359.0	2878.0 	4
1010.0	3251.0 	4
1191.0	3487.0 	4
1612.0	1783.0 	3
4454.0	2590.0 	2
429.0	814.0 	1
3364.0	2573.0 	2
3330.0	3090.0 	2
2011.0	938.0 	3
3632.0	3945.0 	2
4244.0	4674.0 	2
1588.0	142.0 	3
3608.0	4100.0 	2
2008.0	3157.0 	4
3874.0	2037.0 	5
2003.0	3990.0 	4
993.0	2414.0 	1
1677.0	4291.0 	4
651.0	1806.0 	1
2808.0	3961.0 	2
1183.0	921.0 	3
4868.0	730.0 	5
53.0	3549.0 	4
4044.0	2262.0 	5
4710.0	1044.0 	5
1139.0	4874.0 	4
3130.0	3884.0 	2
1371.0	2663.0 	1
2727.0	4298.0 	2
1924.0	2334.0 	3
3426.0	94.0 	5
4493.0	83.0 	5
1246.0	2399.0 	1
3938.0	2909.0 	2
275.0	3630.0 	4
4978.0	3393.0 	2
4055.0	2283.0 	5
1443.0	4246.0 	4
2226.0	2884.0 	4
1324.0	1705.0 	1
1550.0	3139.0 	4
4643.0	370.0 	5
1145.0	3910.0 	4
4678.0	1041.0 	5
1315.0	3199.0 	4
3014.0	1273.0 	5
512.0	631.0 	1
3102.0	3832.0 	2
3809.0	1252.0 	5
228.0	495.0 	1
2864.0	1652.0 	3
3371.0	1786.0 	5
1357.0	898.0 	3
4072.0	2099.0 	5
3884.0	352.0 	5
4461.0	404.0 	5
4215.0	1508.0 	5
3939.0	4446.0 	2
4888.0	2489.0 	5
4193.0	2433.0 	5
997.0	1661.0 	1
764.0	3001.0 	4
1974.0	2290.0 	3
2131.0	1257.0 	3
98.0	1415.0 	1
3607.0	1749.0 	5
505.0	4443.0 	4
4274.0	1979.0 	5
2133.0	4347.0 	4
801.0	3626.0 	4
1271.0	3280.0 	4
3365.0	3067.0 	2
618.0	399.0 	1
4200.0	4062.0 	2
3287.0	1281.0 	5
1989.0	3605.0 	4
4918.0	242.0 	5
3356.0	4125.0 	2
1541.0	415.0 	3
2581.0	4488.0 	4
1356.0	4620.0 	4
4828.0	1181.0 	5
4754.0	4172.0 	2
1139.0	4709.0 	4
2070.0	2133.0 	3
4211.0	329.0 	5
4435.0	3663.0 	2
1998.0	3129.0 	4
4680.0	544.0 	5
464.0	3211.0 	4
1603.0	3268.0 	4
4500.0	1520.0 	5
2350.0	3352.0 	4
827.0	2213.0 	1
3091.0	4882.0 	2
4653.0	3345.0 	2
2746.0	597.0 	3
4095.0	2960.0 	2
4278.0	694.0 	5
4180.0	3524.0 	2
2165.0	4187.0 	4
2804.0	797.0 	3
3031.0	1328.0 	5
2873.0	3055.0 	2
369.0	3391.0 	4
537.0	498.0 	1
4109.0	1295.0 	5
3533.0	2572.0 	2
2916.0	2835.0 	2
2775.0	1083.0 	3
1407.0	3836.0 	4
4568.0	3606.0 	2
2575.0	3716.0 	4
2424.0	2524.0 	3
2498.0	1138.0 	3
3423.0	3579.0 	2
2170.0	78.0 	3
1946.0	202.0 	3
2489.0	2726.0 	4
3317.0	3335.0 	2
2410.0	4368.0 	4
2003.0	707.0 	3
539.0	3516.0 	4
4028.0	4364.0 	2
1944.0	3.0 	3
2133.0	3697.0 	4
345.0	61.0 	1
352.0	2062.0 	1
344.0	4551.0 	4
456.0	1692.0 	1
4040.0	1838.0 	5
4227.0	811.0 	5
1142.0	2195.0 	1
164.0	1596.0 	1
3689.0	1672.0 	5
4558.0	1022.0 	5
3110.0	1694.0 	5
3114.0	3957.0 	2
2317.0	3405.0 	4
30.0	3853.0 	4
2041.0	4639.0 	4
2189.0	2325.0 	3
131.0	2592.0 	1
4521.0	2370.0 	5
1096.0	1013.0 	1
1348.0	1429.0 	1
284.0	1965.0 	1
4312.0	4179.0 	2
1096.0	46.0 	3
635.0	3049.0 	4
4506.0	3795.0 	2
3288.0	4053.0 	2
3253.0	1722.0 	5
447.0	1568.0 	1
4538.0	1486.0 	5
3848.0	2218.0 	5
1339.0	499.0 	3
3104.0	122.0 	3
2309.0	2542.0 	3
2618.0	433.0 	3
3207.0	3787.0 	2
575.0	1772.0 	1
458.0	1366.0 	1
1493.0	3172.0 	4
454.0	195.0 	1
3145.0	1482.0 	5
4109.0	2867.0 	2
3959.0	3146.0 	2
2341.0	3800.0 	4
4500.0	4411.0 	2
4950.0	3130.0 	2
2629.0	4655.0 	4
1177.0	1047.0 	3
2251.0	1779.0 	3
1241.0	689.0 	3
1856.0	2923.0 	4
2552.0	1623.0 	3
1801.0	2530.0 	1
353.0	1935.0 	1
1665.0	2503.0 	1
3599.0	2775.0 	2
294.0	3093.0 	4
3431.0	3388.0 	2
2289.0	3105.0 	4
800.0	3111.0 	4
4988.0	2650.0 	2
1573.0	3619.0 	4
50.0	4798.0 	4
3474.0	1504.0 	5
1907.0	1241.0 	3
3528.0	4489.0 	2
65.0	1492.0 	1
3686.0	3092.0 	2
747.0	492.0 	1
2077.0	2015.0 	3
3440.0	1199.0 	5
2274.0	3214.0 	4
3922.0	4187.0 	2
2301.0	921.0 	3
2593.0	736.0 	3
2782.0	2169.0 	3
4505.0	1926.0 	5
1971.0	1618.0 	3
2925.0	4162.0 	2
3090.0	399.0 	3
4788.0	977.0 	5
120.0	243.0 	1
143.0	378.0 	1
4957.0	3975.0 	2
1838.0	4332.0 	4
1761.0	4755.0 	4
4419.0	3619.0 	2
255.0	1635.0 	1
1175.0	2239.0 	1
2326.0	614.0 	3
4976.0	4972.0 	2
4424.0	3470.0 	2
1238.0	4904.0 	4
4340.0	615.0 	5
3800.0	2673.0 	2
3080.0	2907.0 	2
1653.0	1702.0 	3
1947.0	3579.0 	4
1973.0	2122.0 	3
2993.0	772.0 	3
971.0	29.0 	3
1357.0	4118.0 	4
4037.0	4020.0 	2
925.0	1286.0 	1
1792.0	1949.0 	3
455.0	2173.0 	1
4444.0	3170.0 	2
2295.0	570.0 	3
240.0	3973.0 	4
3751.0	4157.0 	2
1982.0	1478.0 	3
1102.0	2048.0 	1
2338.0	2072.0 	3
765.0	1424.0 	1
4196.0	2527.0 	2
2003.0	4057.0 	4
3118.0	2789.0 	2
4111.0	4407.0 	2
1034.0	4145.0 	4
3189.0	4468.0 	2
3303.0	2992.0 	2
1587.0	1120.0 	3
4377.0	128.0 	5
668.0	2643.0 	1
4676.0	2471.0 	5
1375.0	552.0 	3
2922.0	3040.0 	2
1741.0	1724.0 	3
3752.0	4696.0 	2
2349.0	1659.0 	3
4259.0	3653.0 	2
1610.0	2430.0 	1
2780.0	1775.0 	3
930.0	362.0 	3
3293.0	4821.0 	2
4171.0	3384.0 	2
1955.0	1377.0 	3
2575.0	3446.0 	2
1732.0	1664.0 	3
4917.0	3735.0 	2
3007.0	1596.0 	5
3792.0	589.0 	5
3862.0	1870.0 	5
3364.0	3040.0 	2
1743.0	778.0 	3
1362.0	2906.0 	4
391.0	4356.0 	4
4046.0	4469.0 	2
2542.0	1222.0 	3
1629.0	4890.0 	4
881.0	3267.0 	4
1187.0	433.0 	3
2881.0	4601.0 	2
4319.0	3428.0 	2
2637.0	1856.0 	3
825.0	3906.0 	4
1461.0	1070.0 	3
3962.0	1413.0 	5
382.0	3253.0 	4
1532.0	121.0 	3
844.0	4231.0 	4
3619.0	2798.0 	2
3261.0	653.0 	5
2130.0	4462.0 	4
126.0	4052.0 	4
4522.0	2786.0 	2
3236.0	4952.0 	2
3554.0	4354.0 	2
4380.0	1196.0 	5
4921.0	4653.0 	2
3731.0	3932.0 	2
4978.0	1632.0 	5
4935.0	4876.0 	2
4409.0	4768.0 	2
784.0	3786.0 	4
4484.0	773.0 	5
2423.0	4272.0 	4
4883.0	2581.0 	2
4394.0	2447.0 	5
4984.0	1204.0 	5
4737.0	505.0 	5
3440.0	3590.0 	2
2263.0	3817.0 	4
3078.0	4727.0 	2
4211.0	1462.0 	5
3880.0	1509.0 	5
825.0	591.0 	1
2936.0	2622.0 	2
3914.0	127.0 	5
368.0	4212.0 	4
3878.0	2989.0 	2
1307.0	1809.0 	1
1714.0	3551.0 	4
2317.0	2585.0 	3
841.0	1339.0 	1
458.0	1719.0 	1
1837.0	411.0 	3
2568.0	4482.0 	4
2217.0	1163.0 	3
3700.0	1620.0 	5
1126.0	306.0 	3
3464.0	3545.0 	2
347.0	858.0 	1
4579.0	809.0 	5
3195.0	4144.0 	2
2882.0	4241.0 	2
1532.0	4412.0 	4
3742.0	2841.0 	2
2314.0	2744.0 	4
437.0	3479.0 	4
1274.0	2351.0 	1
1197.0	3499.0 	4
4381.0	3120.0 	2
4535.0	345.0 	5
4286.0	3483.0 	2
4172.0	4921.0 	2
376.0	3050.0 	4
688.0	2587.0 	1
2653.0	2391.0 	3
665.0	1595.0 	1
2749.0	533.0 	3
3357.0	3230.0 	2
1153.0	679.0 	3
1335.0	1737.0 	1
617.0	4517.0 	4
2683.0	1078.0 	3
1113.0	1911.0 	1
2462.0	1124.0 	3
1725.0	863.0 	3
4220.0	1768.0 	5
3638.0	512.0 	5
833.0	223.0 	3
2806.0	1024.0 	3
743.0	4413.0 	4
2004.0	297.0 	3
4436.0	1682.0 	5
3328.0	152.0 	5
1995.0	4468.0 	4
1663.0	1558.0 	3
1701.0	1022.0 	3
2994.0	1669.0 	5
3133.0	486.0 	5
392.0	3729.0 	4
1798.0	545.0 	3
3498.0	2281.0 	5
1971.0	1027.0 	3
373.0	1629.0 	1
1756.0	461.0 	3
1553.0	742.0 	3
4065.0	3013.0 	2
6.0	3444.0 	4
920.0	1496.0 	1
1582.0	535.0 	3
4060.0	715.0 	5
1928.0	532.0 	3
87.0	4666.0 	4
750.0	2301.0 	1
1346.0	4988.0 	4
1669.0	1178.0 	3
3777.0	3320.0 	2
1415.0	3622.0 	4
4788.0	2836.0 	2
4301.0	4918.0 	2
100.0	329.0 	1
4550.0	1034.0 	5
1446.0	3321.0 	4
197.0	3614.0 	4
672.0	3272.0 	4
718.0	4806.0 	4
3811.0	3820.0 	2
4615.0	371.0 	5
1029.0	3194.0 	4
4497.0	3679.0 	2
3540.0	2411.0 	5
1730.0	2841.0 	4
3752.0	481.0 	5
2297.0	892.0 	3
214.0	3652.0 	4
4514.0	2660.0 	2
3476.0	4833.0 	2
4770.0	3372.0 	2
4810.0	4328.0 	2
1645.0	1487.0 	3
3425.0	3751.0 	2
2989.0	1495.0 	5
4480.0	966.0 	5
3762.0	614.0 	5
3742.0	1580.0 	5
4164.0	3267.0 	2
3017.0	3349.0 	2
3769.0	3368.0 	2
222.0	2103.0 	1
3973.0	4176.0 	2
3718.0	3522.0 	2
3569.0	4511.0 	2
2281.0	3196.0 	4
4107.0	800.0 	5
1520.0	1297.0 	3
3419.0	1353.0 	5
717.0	1665.0 	1
4628.0	2698.0 	2
1854.0	1698.0 	3
3675.0	1046.0 	5
2940.0	2282.0 	5
2951.0	4504.0 	2
1775.0	3679.0 	4
1054.0	2371.0 	1
1398.0	1094.0 	3
2588.0	2678.0 	2
3927.0	3242.0 	2
1774.0	897.0 	3
2173.0	1248.0 	3
4176.0	1631.0 	5
181.0	3073.0 	1
2610.0	1697.0 	3
747.0	990.0 	1
4266.0	3274.0 	2
825.0	2607.0 	1
1185.0	1371.0 	1
4675.0	152.0 	5
4406.0	975.0 	5
3517.0	86.0 	5
3024.0	775.0 	3
549.0	2104.0 	1
3026.0	4578.0 	2
2701.0	461.0 	3
2552.0	606.0 	3
730.0	2896.0 	1
4885.0	4672.0 	2
3876.0	2724.0 	2
1829.0	4459.0 	4
4226.0	4536.0 	2
520.0	1369.0 	1
4617.0	4184.0 	2
4681.0	2552.0 	2
1884.0	1161.0 	3
2564.0	2517.0 	3
2058.0	2709.0 	4
4985.0	4578.0 	2
687.0	849.0 	1
4977.0	4712.0 	2
4901.0	3598.0 	2
1155.0	3256.0 	4
3717.0	1968.0 	5
4805.0	3442.0 	2
2175.0	4351.0 	4
765.0	4480.0 	4
849.0	1484.0 	1
1871.0	209.0 	3
1825.0	1883.0 	3
3019.0	1470.0 	5
1176.0	4837.0 	4
4730.0	2576.0 	2
4280.0	3621.0 	2
2462.0	2037.0 	3
3931.0	4770.0 	2
1100.0	323.0 	3
4596.0	875.0 	5
1786.0	1966.0 	3
1129.0	2271.0 	1
3595.0	3348.0 	2
1454.0	447.0 	3
1287.0	1522.0 	1
3870.0	967.0 	5
3659.0	4203.0 	2
3355.0	226.0 	5
674.0	236.0 	1
314.0	29.0 	1
4360.0	1833.0 	5
4678.0	3945.0 	2
1234.0	1484.0 	1
997.0	3867.0 	4
468.0	3169.0 	4
4247.0	217.0 	5
1565.0	2070.0 	1
3607.0	368.0 	5
2772.0	303.0 	3
2005.0	1113.0 	3
3291.0	4538.0 	2
4434.0	3846.0 	2
644.0	4542.0 	4
4436.0	292.0 	5
2978.0	2509.0 	2
709.0	3651.0 	4
326.0	1851.0 	1
1593.0	4891.0 	4
913.0	2832.0 	1
786.0	3093.0 	4
257.0	4890.0 	4
4515.0	2388.0 	5
446.0	1896.0 	1
505.0	3457.0 	4
580.0	4412.0 	4
3633.0	2901.0 	2
2951.0	2581.0 	2
1976.0	1201.0 	3
2364.0	2617.0 	4
4592.0	3146.0 	2
2679.0	1278.0 	3
3859.0	1052.0 	5
2626.0	1474.0 	3
553.0	1389.0 	1
3904.0	4673.0 	2
3465.0	424.0 	5
1357.0	462.0 	3
2926.0	4663.0 	2
4190.0	2469.0 	5
2029.0	2397.0 	3
4790.0	4813.0 	2
2684.0	1664.0 	3
1902.0	1735.0 	3
1160.0	220.0 	3
2524.0	3298.0 	4
2845.0	1619.0 	3
1376.0	4423.0 	4
2664.0	4770.0 	4
1330.0	4104.0 	4
2828.0	3112.0 	2
979.0	3702.0 	4
4296.0	1263.0 	5
3904.0	1002.0 	5
961.0	3631.0 	4
3111.0	3822.0 	2
772.0	2426.0 	1
2988.0	3067.0 	2
1544.0	4131.0 	4
1425.0	1770.0 	1
3322.0	4858.0 	2
3062.0	3392.0 	2
1003.0	1871.0 	1
636.0	1246.0 	1
4457.0	4583.0 	2
2932.0	3398.0 	2
579.0	412.0 	1
1218.0	3384.0 	4
1411.0	1265.0 	3
1336.0	3880.0 	4
181.0	71.0 	1
1279.0	3798.0 	4
3982.0	2249.0 	5
2007.0	4145.0 	4
1307.0	851.0 	3
2977.0	773.0 	3
2260.0	1565.0 	3
4580.0	4579.0 	2
3580.0	598.0 	5
3171.0	1604.0 	5
1496.0	2305.0 	1
1955.0	1315.0 	3
3634.0	616.0 	5
3431.0	2620.0 	2
968.0	116.0 	3
4316.0	2929.0 	2
1086.0	1088.0 	1
4428.0	3237.0 	2
2999.0	4605.0 	2
3451.0	2240.0 	5
3151.0	1068.0 	5
143.0	2631.0 	1
730.0	1914.0 	1
1156.0	3013.0 	4
2827.0	2530.0 	2
2960.0	4967.0 	2
398.0	596.0 	1
339.0	1903.0 	1
2882.0	946.0 	3
2856.0	800.0 	3
4695.0	4176.0 	2
2839.0	2468.0 	2
1212.0	333.0 	3
190.0	2239.0 	1
2071.0	2845.0 	4
1241.0	1383.0 	1
4959.0	1360.0 	5
1433.0	186.0 	3
4300.0	2343.0 	5
939.0	3306.0 	4
4781.0	2300.0 	5
250.0	1522.0 	1
1204.0	1977.0 	1
2965.0	1053.0 	3
2397.0	1656.0 	3
4399.0	852.0 	5
88.0	2967.0 	1
2406.0	3913.0 	4
3215.0	759.0 	5
596.0	2591.0 	1
491.0	2321.0 	1
539.0	318.0 	1
724.0	3476.0 	4
2903.0	4399.0 	2
939.0	4508.0 	4
1253.0	1283.0 	1
3709.0	4063.0 	2
4517.0	57.0 	5
3685.0	2926.0 	2
716.0	2749.0 	1
555.0	456.0 	1
934.0	803.0 	1
3104.0	3059.0 	2
1164.0	3481.0 	4
1800.0	2243.0 	1
3502.0	4124.0 	2
3020.0	4708.0 	2
1904.0	4998.0 	4
2155.0	59.0 	3
3397.0	428.0 	5
4512.0	420.0 	5
3048.0	4441.0 	2
857.0	1811.0 	1
1498.0	1829.0 	1
1553.0	3009.0 	4
2573.0	4810.0 	4
503.0	3515.0 	4
2028.0	493.0 	3
2493.0	4979.0 	4
2759.0	3358.0 	2
406.0	144.0 	1
4989.0	2056.0 	5
4299.0	3064.0 	2
4592.0	3943.0 	2
3119.0	2426.0 	5
3333.0	4540.0 	2
3285.0	1679.0 	5
1290.0	564.0 	3
756.0	574.0 	1
543.0	2579.0 	1
3513.0	3959.0 	2
1067.0	2514.0 	1
4328.0	4713.0 	2
2644.0	998.0 	3
2657.0	4220.0 	2
819.0	1166.0 	1
49.0	4947.0 	4
2508.0	133.0 	3
2888.0	2449.0 	2
4004.0	992.0 	5
1651.0	37.0 	3
4649.0	3471.0 	2
3386.0	3018.0 	2
4947.0	4850.0 	2
1354.0	4317.0 	4
1398.0	1485.0 	1
4950.0	4947.0 	2
3500.0	1479.0 	5
2308.0	3106.0 	4
4439.0	1141.0 	5
4165.0	165.0 	5
344.0	1002.0 	1
3512.0	1747.0 	5
2682.0	350.0 	3
660.0	865.0 	1
89.0	1532.0 	1
3773.0	4335.0 	2
1139.0	3349.0 	4
844.0	2215.0 	1
354.0	1181.0 	1
4106.0	4376.0 	2
2380.0	1272.0 	3
3652.0	2281.0 	5
3204.0	1084.0 	5
3410.0	3893.0 	2
612.0	492.0 	1
676.0	1012.0 	1
2001.0	3077.0 	4
616.0	344.0 	1
2140.0	4432.0 	4
568.0	2126.0 	1
2718.0	2660.0 	2
133.0	327.0 	1
300.0	4232.0 	4
3503.0	773.0 	5
3466.0	1536.0 	5
27.0	598.0 	1
3318.0	4069.0 	2
2508.0	3290.0 	4
3615.0	4910.0 	2
2454.0	238.0 	3
2100.0	761.0 	3
2416.0	299.0 	3
4346.0	3132.0 	2
4037.0	4081.0 	2
4412.0	739.0 	5
4913.0	2107.0 	5
4625.0	398.0 	5
1406.0	1028.0 	3
1225.0	4390.0 	4
4274.0	3308.0 	2
2703.0	2231.0 	3
1012.0	1672.0 	1
1908.0	1991.0 	3
3250.0	1785.0 	5
1336.0	1065.0 	3
4555.0	3252.0 	2
1517.0	4490.0 	4
3455.0	2061.0 	5
2678.0	4297.0 	2
973.0	179.0 	3
1354.0	2932.0 	4
2144.0	80.0 	3
182.0	839.0 	1
3523.0	4385.0 	2
72.0	2243.0 	1
2419.0	998.0 	3
147.0	2430.0 	1
504.0	4501.0 	4
2294.0	4118.0 	4
3122.0	4872.0 	2
4110.0	1851.0 	5
3169.0	303.0 	5
4719.0	939.0 	5
908.0	2551.0 	1
156.0	4748.0 	4
4651.0	3925.0 	2
3909.0	1907.0 	5
4589.0	2793.0 	2
3228.0	2294.0 	5
1947.0	3213.0 	4
3574.0	821.0 	5
3981.0	2107.0 	5
153.0	3112.0 	1
1389.0	4064.0 	4
4794.0	2639.0 	2
4021.0	4120.0 	2
35.0	709.0 	1
1956.0	3604.0 	4
4920.0	4998.0 	2
710.0	4324.0 	4
2774.0	1587.0 	3
623.0	3630.0 	4
600.0	4781.0 	4
284.0	2803.0 	1
3072.0	3085.0 	2
108.0	2344.0 	1
4241.0	192.0 	5
1745.0	1831.0 	3
3617.0	4786.0 	2
4645.0	2713.0 	2
4690.0	4246.0 	2
53.0	3705.0 	4
2273.0	2917.0 	4
3971.0	1809.0 	5
247.0	3789.0 	4
436.0	420.0 	1
912.0	1257.0 	1
2072.0	1112.0 	3
4553.0	1367.0 	5
4414.0	776.0 	5
1374.0	1469.0 	1
2151.0	3879.0 	4
3912.0	55.0 	5
4740.0	1129.0 	5
2958.0	583.0 	3
1788.0	174.0 	3
1703.0	2590.0 	1
2293.0	4594.0 	4
4856.0	2831.0 	2
3952.0	4112.0 	2
57.0	3215.0 	4
261.0	1515.0 	1
1260.0	1408.0 	1
879.0	3174.0 	4
1430.0	3511.0 	4
1940.0	4589.0 	4
4271.0	3787.0 	2
3220.0	3919.0 	2
887.0	3135.0 	4
919.0	3169.0 	4
4616.0	1299.0 	5
4165.0	2314.0 	5
185.0	586.0 	1
2636.0	2302.0 	3
998.0	1203.0 	1
405.0	2544.0 	1
2776.0	4467.0 	2
4688.0	139.0 	5
2135.0	1782.0 	3
1415.0	1459.0 	3
1910.0	4213.0 	4
4562.0	4982.0 	2
1540.0	1210.0 	3
633.0	2401.0 	1
4718.0	4491.0 	2
1235.0	306.0 	3
3554.0	2785.0 	2
4504.0	3358.0 	2
447.0	992.0 	1
50.0	1362.0 	1
1876.0	3597.0 	4
4484.0	2850.0 	2
4101.0	659.0 	5
455.0	2433.0 	1
1275.0	2578.0 	1
1803.0	785.0 	3
2190.0	3127.0 	4
2223.0	4131.0 	4
333.0	1963.0 	1
544.0	2260.0 	1
531.0	4647.0 	4
3545.0	3177.0 	2
2325.0	3788.0 	4
4983.0	2462.0 	5
1062.0	4770.0 	4
1017.0	1496.0 	1
3572.0	2611.0 	2
699.0	4735.0 	4
4036.0	3767.0 	2
2462.0	201.0 	3
3682.0	3266.0 	2
4958.0	508.0 	5
2605.0	2734.0 	2
1468.0	377.0 	3
709.0	3325.0 	4
4073.0	343.0 	5
3691.0	1949.0 	5
2456.0	4594.0 	4
2863.0	3044.0 	2
1217.0	4365.0 	4
2622.0	2851.0 	2
4345.0	1241.0 	5
4908.0	3982.0 	2
4960.0	630.0 	5
1166.0	3520.0 	4
3664.0	3803.0 	2
3064.0	721.0 	5
4409.0	2405.0 	5
1198.0	1590.0 	1
2347.0	2268.0 	3
1853.0	2114.0 	3
1199.0	4654.0 	4
633.0	2359.0 	1
2501.0	499.0 	3
4224.0	563.0 	5
279.0	235.0 	1
2865.0	2937.0 	2
1350.0	865.0 	3
1213.0	4785.0 	4
1516.0	788.0 	3
4703.0	4572.0 	2
393.0	4142.0 	4
4433.0	4766.0 	2
1623.0	50.0 	3
1054.0	1962.0 	1
4324.0	2665.0 	2
4588.0	1266.0 	5
4068.0	784.0 	5
984.0	519.0 	3
58.0	1896.0 	1
559.0	4744.0 	4
971.0	3046.0 	4
1549.0	683.0 	3
4931.0	1640.0 	5
2133.0	4795.0 	4
2143.0	1463.0 	3
3856.0	415.0 	5
3260.0	3165.0 	2
72.0	2627.0 	1
3348.0	1573.0 	5
509.0	3773.0 	4
4243.0	3841.0 	2
770.0	4290.0 	4
4858.0	2303.0 	5
3723.0	1231.0 	5
4605.0	4022.0 	2
1641.0	1739.0 	3
2978.0	449.0 	3
3711.0	364.0 	5
2998.0	171.0 	3
2399.0	4464.0 	4
1585.0	2234.0 	1
4420.0	1460.0 	5
2498.0	3902.0 	4
4600.0	718.0 	5
2464.0	2780.0 	4
2390.0	4966.0 	4
639.0	727.0 	1
2589.0	4443.0 	4
698.0	79.0 	3
4229.0	4998.0 	2
2730.0	1644.0 	3
3870.0	2905.0 	2
4287.0	3200.0 	2
4640.0	1157.0 	5
2816.0	4407.0 	2
1703.0	380.0 	3
2269.0	1494.0 	3
2156.0	3144.0 	4
3600.0	0.0 	5
566.0	3214.0 	4
4970.0	74.0 	5
826.0	2399.0 	1
991.0	272.0 	3
2188.0	3588.0 	4
3613.0	3013.0 	2
3922.0	4848.0 	2
1390.0	2668.0 	1
1738.0	3161.0 	4
1615.0	4059.0 	4
1323.0	4105.0 	4
4813.0	2250.0 	5
2045.0	631.0 	3
2008.0	2131.0 	3
2447.0	4008.0 	4
4975.0	4027.0 	2
1230.0	1046.0 	3
557.0	968.0 	1
261.0	1450.0 	1
3969.0	734.0 	5
1477.0	755.0 	3
3030.0	426.0 	3
224.0	3723.0 	4
1335.0	1558.0 	1
3940.0	4634.0 	2
3005.0	572.0 	3
1250.0	83.0 	3
3753.0	3197.0 	2
4009.0	4873.0 	2
1980.0	4629.0 	4
3023.0	1354.0 	5
4867.0	4793.0 	2
1658.0	4342.0 	4
3230.0	3489.0 	2
529.0	972.0 	1
4034.0	3546.0 	2
4762.0	2967.0 	2
398.0	3063.0 	4
3716.0	429.0 	5
2583.0	4314.0 	4
3915.0	4585.0 	2
2776.0	3924.0 	2
782.0	2878.0 	1
1553.0	1064.0 	3
3731.0	315.0 	5
1834.0	347.0 	3
3658.0	589.0 	5
4621.0	3561.0 	2
1905.0	4767.0 	4
4737.0	447.0 	5
388.0	2004.0 	1
1652.0	1734.0 	3
3186.0	4668.0 	2
1358.0	1610.0 	1
664.0	3329.0 	4
977.0	4450.0 	4
2118.0	3340.0 	4
4800.0	1827.0 	5
399.0	2285.0 	1
2732.0	2257.0 	3
3281.0	3049.0 	2
4112.0	3286.0 	2
2291.0	1443.0 	3
4404.0	4845.0 	2
4241.0	3407.0 	2
1675.0	859.0 	3
4827.0	2131.0 	5
4832.0	682.0 	5
4689.0	819.0 	5
4610.0	4223.0 	2
2170.0	4747.0 	4
352.0	1949.0 	1
199.0	675.0 	1
3394.0	2469.0 	2
3164.0	237.0 	5
1141.0	2096.0 	1
3895.0	1743.0 	5
3345.0	812.0 	5
4455.0	998.0 	5
50.0	3863.0 	4
4936.0	2223.0 	5
1641.0	1061.0 	3
3972.0	4477.0 	2
550.0	2958.0 	1
769.0	1809.0 	1
2704.0	2841.0 	2
1601.0	1381.0 	3
4436.0	2699.0 	2
3767.0	3210.0 	2
2039.0	1207.0 	3
3454.0	4164.0 	2
4120.0	564.0 	5
4712.0	3820.0 	2
4041.0	1761.0 	5
2348.0	205.0 	3
2730.0	2982.0 	2
2755.0	2173.0 	3
1413.0	3281.0 	4
4116.0	4999.0 	2
3494.0	1623.0 	5
704.0	2416.0 	1
1519.0	2156.0 	1
1952.0	3482.0 	4
3998.0	3099.0 	2
2145.0	1977.0 	3
105.0	4439.0 	4
1756.0	2712.0 	4
3449.0	1675.0 	5
138.0	3137.0 	4
1713.0	4870.0 	4
1601.0	4021.0 	4
4858.0	4974.0 	2
3810.0	4291.0 	2
2292.0	4680.0 	4
455.0	3136.0 	4
88.0	3369.0 	4
2137.0	4105.0 	4
3313.0	4805.0 	2
188.0	2264.0 	1
3936.0	652.0 	5
1603.0	4562.0 	4
2412.0	3362.0 	4
3264.0	4256.0 	2
3231.0	4790.0 	2
3542.0	4097.0 	2
2124.0	402.0 	3
3950.0	3596.0 	2
3230.0	712.0 	5
3071.0	3557.0 	2
2442.0	2449.0 	3
3449.0	976.0 	5
3821.0	3969.0 	2
1722.0	3774.0 	4
4364.0	2951.0 	2
3719.0	4508.0 	2
4184.0	4708.0 	2
4808.0	4120.0 	2
2646.0	170.0 	3
4125.0	626.0 	5
4430.0	2484.0 	5
3401.0	925.0 	5
1728.0	4949.0 	4
1743.0	3558.0 	4
2578.0	4394.0 	4
4650.0	4528.0 	2
3849.0	2487.0 	2
2693.0	2186.0 	3
70.0	1711.0 	1
821.0	296.0 	3
4373.0	2213.0 	5
2354.0	126.0 	3
1548.0	4967.0 	4
3385.0	4678.0 	2
2988.0	1674.0 	5
3144.0	2930.0 	2
1056.0	2401.0 	1
601.0	1109.0 	1
4924.0	95.0 	5
1501.0	4260.0 	4
531.0	783.0 	1
929.0	1980.0 	1
1383.0	1742.0 	1
3603.0	1621.0 	5
448.0	3878.0 	4
319.0	1070.0 	1
1919.0	935.0 	3
3754.0	4206.0 	2
1809.0	4964.0 	4
2580.0	4963.0 	4
4646.0	3098.0 	2
2326.0	1822.0 	3
2080.0	512.0 	3
3675.0	450.0 	5
204.0	2156.0 	1
825.0	331.0 	3
908.0	236.0 	3
4031.0	1676.0 	5
3489.0	3146.0 	2
798.0	4264.0 	4
2625.0	3399.0 	2
2453.0	2341.0 	3
1932.0	1223.0 	3
2562.0	3924.0 	4
105.0	4715.0 	4
3726.0	4924.0 	2
1323.0	1637.0 	1
1894.0	3194.0 	4
3908.0	1388.0 	5
1949.0	2270.0 	3
3542.0	4158.0 	2
3466.0	234.0 	5
664.0	4659.0 	4
4571.0	1333.0 	5
4697.0	122.0 	5
2483.0	963.0 	3
3859.0	2921.0 	2
361.0	900.0 	1
87.0	4021.0 	4
4967.0	1622.0 	5
4485.0	128.0 	5
2809.0	4655.0 	2
3807.0	2824.0 	2
4794.0	1619.0 	5
2254.0	3569.0 	4
2897.0	1642.0 	3
3565.0	1710.0 	5
4064.0	3972.0 	2
674.0	890.0 	1
1814.0	1788.0 	3
2039.0	3126.0 	4
3782.0	3344.0 	2
4446.0	4267.0 	2
3773.0	955.0 	5
2011.0	686.0 	3
1198.0	609.0 	3
3942.0	1532.0 	5
592.0	2031.0 	1
1442.0	3125.0 	4
1343.0	3909.0 	4
2741.0	4088.0 	2
572.0	3146.0 	4
4494.0	2825.0 	2
174.0	3473.0 	4
3472.0	2380.0 	5
787.0	796.0 	1
4665.0	3084.0 	2
652.0	2087.0 	1
2186.0	1734.0 	3
3481.0	1530.0 	5
3842.0	337.0 	5
2715.0	1425.0 	3
2847.0	2843.0 	2
4594.0	1938.0 	5
3416.0	3937.0 	2
2021.0	3348.0 	4
1060.0	409.0 	3
1345.0	3921.0 	4
1945.0	1933.0 	3
3683.0	164.0 	5
907.0	4693.0 	4
3355.0	4130.0 	2
1835.0	470.0 	3
3389.0	3892.0 	2
2886.0	4795.0 	2
4965.0	2954.0 	2
2224.0	66.0 	3
781.0	742.0 	1
2765.0	4865.0 	2
157.0	2587.0 	1
2250.0	3100.0 	4
1355.0	1464.0 	1
2314.0	813.0 	3
1957.0	3200.0 	4
4642.0	2736.0 	2
4185.0	2399.0 	5
3617.0	1555.0 	5
1645.0	4907.0 	4
2059.0	288.0 	3
4696.0	1675.0 	5
3639.0	336.0 	5
4185.0	2194.0 	5
567.0	2902.0 	1
3287.0	2042.0 	5
1401.0	3750.0 	4
1393.0	2944.0 	4
3482.0	4461.0 	2
2300.0	4282.0 	4
2006.0	287.0 	3
4084.0	4047.0 	2
3856.0	968.0 	5
3385.0	3381.0 	2
3976.0	195.0 	5
918.0	3794.0 	4
1723.0	3793.0 	4
364.0	2490.0 	1
1906.0	2345.0 	1
1416.0	1053.0 	3
4301.0	1525.0 	5
2464.0	3024.0 	4
4221.0	4572.0 	2
512.0	3641.0 	4
4190.0	510.0 	5
1328.0	2455.0 	1
3751.0	448.0 	5
4054.0	736.0 	5
3296.0	3031.0 	2
2905.0	882.0 	3
849.0	1999.0 	1
905.0	3662.0 	4
2055.0	2569.0 	4
3636.0	4116.0 	2
2636.0	2467.0 	3
2173.0	3095.0 	4
1179.0	1906.0 	1
795.0	2009.0 	1
4355.0	3175.0 	2
2462.0	2979.0 	4
1729.0	4979.0 	4
828.0	2251.0 	1
4506.0	197.0 	5
1147.0	4467.0 	4
1919.0	1020.0 	3
23.0	1795.0 	1
2267.0	748.0 	3
357.0	4226.0 	4
207.0	3527.0 	4
1001.0	1891.0 	1
1367.0	3189.0 	4
1183.0	2276.0 	1
4639.0	1902.0 	5
4477.0	2241.0 	5
403.0	4895.0 	4
4993.0	3175.0 	2
2667.0	3601.0 	2
3287.0	4149.0 	2
1446.0	4938.0 	4
4445.0	2725.0 	2
3096.0	4066.0 	2
3302.0	3426.0 	2
4364.0	3807.0 	2
2664.0	2023.0 	3
2790.0	3065.0 	2
977.0	1780.0 	1
1101.0	2271.0 	1
2030.0	1710.0 	3
3360.0	2272.0 	5
778.0	3236.0 	4
1658.0	243.0 	3
4444.0	3159.0 	2
1319.0	820.0 	3
2708.0	3271.0 	2
4953.0	599.0 	5
2771.0	2057.0 	3
3777.0	3451.0 	2
4355.0	4030.0 	2
1042.0	2496.0 	1
1768.0	4384.0 	4
308.0	2205.0 	1
4085.0	2046.0 	5
4374.0	3853.0 	2
1350.0	4156.0 	4
2328.0	1738.0 	3
454.0	3763.0 	4
1403.0	2990.0 	4
4387.0	1702.0 	5
4531.0	1764.0 	5
3476.0	2593.0 	2
611.0	4280.0 	4
959.0	371.0 	3
1881.0	1590.0 	3
4649.0	4280.0 	2
3861.0	1079.0 	5
492.0	3508.0 	4
837.0	2275.0 	1
4481.0	3221.0 	2
1351.0	926.0 	3
4014.0	4452.0 	2
1611.0	3481.0 	4
3860.0	3203.0 	2
2519.0	477.0 	3
3908.0	3452.0 	2
1507.0	3457.0 	4
2819.0	2074.0 	3
3493.0	586.0 	5
2905.0	2242.0 	5
741.0	3746.0 	4
3942.0	1077.0 	5
3377.0	4989.0 	2
2961.0	1581.0 	5
336.0	3021.0 	1
656.0	2444.0 	1
3646.0	4806.0 	2
4786.0	2340.0 	5
3394.0	4716.0 	2
2636.0	3220.0 	2
996.0	391.0 	3
986.0	1155.0 	1
3701.0	2725.0 	2
3845.0	4839.0 	2
1781.0	2895.0 	4
979.0	4220.0 	4
875.0	488.0 	3
135.0	3299.0 	4
576.0	3656.0 	4
27.0	2024.0 	1
1012.0	2942.0 	4
422.0	2985.0 	1
4167.0	4542.0 	2
4544.0	3390.0 	2
3897.0	4589.0 	2
907.0	3785.0 	4
148.0	2477.0 	1
3937.0	4505.0 	2
397.0	3481.0 	4
800.0	252.0 	3
1651.0	3558.0 	4
2482.0	1401.0 	3
1630.0	3811.0 	4
1821.0	2828.0 	4
4691.0	3216.0 	2
2930.0	4622.0 	2
2385.0	1807.0 	3
835.0	566.0 	1
4533.0	4441.0 	2
4210.0	1590.0 	5
1686.0	4177.0 	4
1018.0	282.0 	3
817.0	2620.0 	1
4693.0	4999.0 	2
3823.0	2037.0 	5
107.0	3786.0 	4
3159.0	454.0 	5
938.0	690.0 	1
834.0	3028.0 	4
4604.0	220.0 	5
1362.0	4601.0 	4
3316.0	4331.0 	2
768.0	4785.0 	4
4600.0	3624.0 	2
1726.0	3371.0 	4
2062.0	759.0 	3
3655.0	639.0 	5
3074.0	1407.0 	5
1918.0	187.0 	3
1541.0	3200.0 	4
2014.0	847.0 	3
2783.0	2707.0 	2
98.0	32.0 	1
1430.0	1199.0 	3
3656.0	4790.0 	2
1273.0	4469.0 	4
3081.0	3092.0 	2
1000.0	3047.0 	4
276.0	743.0 	1
3260.0	4763.0 	2
4392.0	453.0 	5
960.0	3708.0 	4
4835.0	3627.0 	2
4256.0	4946.0 	2
2124.0	2484.0 	3
1689.0	1645.0 	3
2738.0	2318.0 	3
863.0	1369.0 	1
3449.0	4634.0 	2
2521.0	2444.0 	3
3166.0	847.0 	5
4765.0	1095.0 	5
1697.0	1947.0 	3
1605.0	235.0 	3
440.0	2177.0 	1
865.0	3785.0 	4
610.0	3992.0 	4
360.0	4691.0 	4
189.0	726.0 	1
4761.0	2075.0 	5
2968.0	1657.0 	5
1007.0	934.0 	1
115.0	4620.0 	4
3969.0	3769.0 	2
4800.0	3181.0 	2
3314.0	3659.0 	2
510.0	875.0 	1
1938.0	2058.0 	3
4902.0	2386.0 	5
3693.0	1687.0 	5
4290.0	842.0 	5
2684.0	3064.0 	2
4244.0	4459.0 	2
942.0	3583.0 	4
3389.0	1001.0 	5
3651.0	1842.0 	5
1463.0	1723.0 	1
1853.0	376.0 	3
282.0	1280.0 	1
3461.0	4633.0 	2
846.0	4885.0 	4
3845.0	3222.0 	2
4280.0	776.0 	5
1413.0	2374.0 	1
1881.0	1749.0 	3
4076.0	2380.0 	5
2860.0	4499.0 	2
2511.0	4455.0 	4
2337.0	1489.0 	3
3074.0	1632.0 	5
123.0	2814.0 	1
2639.0	2170.0 	3
3128.0	2687.0 	2
3498.0	4886.0 	2
3861.0	375.0 	5
2508.0	666.0 	3
4930.0	186.0 	5
244.0	1703.0 	1
3990.0	1726.0 	5
2079.0	2199.0 	3
2067.0	4753.0 	4
2480.0	3587.0 	4
2824.0	2211.0 	3
1371.0	4765.0 	4
4870.0	3335.0 	2
2759.0	1827.0 	3
3777.0	1400.0 	5
1494.0	3903.0 	4
1543.0	1835.0 	1
194.0	1594.0 	1
2341.0	4388.0 	4
3011.0	3960.0 	2
2288.0	3961.0 	4
4670.0	1454.0 	5
2663.0	3164.0 	2
3519.0	1527.0 	5
2605.0	1323.0 	3
2182.0	4946.0 	4
4330.0	43.0 	5
4888.0	2364.0 	5
4832.0	361.0 	5
2636.0	845.0 	3
2085.0	3293.0 	4
4752.0	3541.0 	2
994.0	192.0 	3
1994.0	3388.0 	4
624.0	2569.0 	1
2636.0	4642.0 	4
4814.0	2204.0 	5
1900.0	3166.0 	4
1713.0	876.0 	3
4273.0	1477.0 	5
1989.0	3467.0 	4
4680.0	291.0 	5
2945.0	1947.0 	5
4555.0	1125.0 	5
1323.0	4317.0 	4
1598.0	3220.0 	4
3025.0	131.0 	3
3274.0	459.0 	5
4119.0	4124.0 	2
2818.0	2431.0 	2
4249.0	4717.0 	2
4861.0	1584.0 	5
876.0	972.0 	1
3350.0	54.0 	5
3760.0	2780.0 	2
3156.0	2518.0 	2
713.0	1888.0 	1
685.0	1787.0 	1
1644.0	3543.0 	4
4035.0	1045.0 	5
1035.0	3395.0 	4
869.0	2953.0 	4
1021.0	2095.0 	1
908.0	4004.0 	4
3896.0	4617.0 	2
1237.0	198.0 	3
3035.0	1876.0 	5
1756.0	2952.0 	4
2395.0	3481.0 	4
4861.0	1661.0 	5
3164.0	1936.0 	5
145.0	4962.0 	4
1239.0	298.0 	3
489.0	4261.0 	4
4546.0	1486.0 	5
3163.0	3988.0 	2
32.0	3138.0 	1
3437.0	1497.0 	5
4040.0	4635.0 	2
4958.0	449.0 	5
1923.0	3032.0 	4
2988.0	2529.0 	2
2417.0	3822.0 	4
4597.0	4536.0 	2
2262.0	1640.0 	3
368.0	2363.0 	1
1410.0	1080.0 	3
1199.0	1260.0 	1
4947.0	2641.0 	2
2065.0	2581.0 	4
4943.0	6.0 	5
527.0	809.0 	1
32.0	753.0 	1
3556.0	4370.0 	2
615.0	3305.0 	4
3504.0	3104.0 	2
3429.0	4911.0 	2
4702.0	2834.0 	2
2851.0	3077.0 	2
1421.0	1093.0 	3
4399.0	811.0 	5
829.0	3677.0 	4
1568.0	3788.0 	4
2225.0	2672.0 	4
4506.0	4894.0 	2
4780.0	2769.0 	2
2502.0	3551.0 	4
1254.0	2141.0 	1
3060.0	3480.0 	2
826.0	4288.0 	4
1800.0	1839.0 	3
2172.0	2625.0 	4
2555.0	0.0 	3
3750.0	3843.0 	2
1687.0	2640.0 	1
4402.0	779.0 	5
814.0	3869.0 	4
2692.0	3078.0 	2
1517.0	4179.0 	4
4274.0	427.0 	5
2640.0	663.0 	3
3484.0	4220.0 	2
651.0	4825.0 	4
696.0	171.0 	3
1642.0	2302.0 	1
1906.0	2233.0 	3
1801.0	728.0 	3
2790.0	4198.0 	2
3483.0	3573.0 	2
1878.0	1856.0 	3
4344.0	2848.0 	2
2589.0	4219.0 	4
1936.0	678.0 	3
2280.0	4981.0 	4
4442.0	2930.0 	2
4559.0	3455.0 	2
3079.0	129.0 	3
663.0	1228.0 	1
2210.0	3722.0 	4
2175.0	4841.0 	4
1317.0	2002.0 	1
3621.0	3206.0 	2
3143.0	4389.0 	2
3284.0	2878.0 	2
3299.0	3586.0 	2
2105.0	3219.0 	4
4994.0	1017.0 	5
881.0	3686.0 	4
4510.0	2512.0 	5
2796.0	3974.0 	2
4861.0	72.0 	5
1294.0	1089.0 	3
4208.0	1782.0 	5
775.0	507.0 	1
2729.0	2738.0 	2
2319.0	3591.0 	4
4666.0	2580.0 	2
2431.0	3546.0 	4
419.0	4227.0 	4
3300.0	2308.0 	5
3624.0	196.0 	5
3962.0	1315.0 	5
1614.0	83.0 	3
496.0	2934.0 	1
1394.0	4792.0 	4
1772.0	3271.0 	4
3836.0	94.0 	5
4363.0	3886.0 	2
1790.0	4267.0 	4
850.0	3413.0 	4
3507.0	2697.0 	2
3736.0	2190.0 	5
3021.0	2279.0 	5
2980.0	4316.0 	2
4967.0	3948.0 	2
1499.0	1986.0 	1
4171.0	691.0 	5
3758.0	1073.0 	5
2047.0	904.0 	3
4654.0	3363.0 	2
1222.0	1923.0 	1
4111.0	4530.0 	2
1847.0	3078.0 	4
3829.0	565.0 	5
4606.0	2443.0 	5
120.0	558.0 	1
3830.0	2350.0 	5
3308.0	2531.0 	2
1332.0	4292.0 	4
456.0	2388.0 	1
2092.0	1242.0 	3
4668.0	3825.0 	2
357.0	2234.0 	1
2391.0	2702.0 	4
3573.0	65.0 	5
1564.0	4512.0 	4
512.0	1396.0 	1
3913.0	661.0 	5
4170.0	4240.0 	2
1525.0	4711.0 	4
914.0	1026.0 	1
583.0	4054.0 	4
4388.0	2984.0 	2
3274.0	2562.0 	2
4236.0	1813.0 	5
876.0	1499.0 	1
1935.0	1116.0 	3
1533.0	1945.0 	1
1573.0	3530.0 	4
237.0	91.0 	1
4017.0	2426.0 	5
4635.0	396.0 	5
2227.0	618.0 	3
4917.0	4680.0 	2
4639.0	1593.0 	5
3924.0	716.0 	5
4083.0	1875.0 	5
2004.0	2943.0 	4
4775.0	4594.0 	2
153.0	419.0 	1
2520.0	2403.0 	3
1034.0	4552.0 	4
3907.0	3041.0 	2
3561.0	4043.0 	2
4628.0	141.0 	5
567.0	341.0 	1
1855.0	3908.0 	4
2517.0	4661.0 	4
651.0	4821.0 	4
2974.0	1404.0 	5
4200.0	2203.0 	5
1951.0	2101.0 	3
643.0	2848.0 	1
1633.0	366.0 	3
3192.0	4278.0 	2
2754.0	2801.0 	2
4345.0	4077.0 	2
4199.0	3019.0 	2
4611.0	1609.0 	5
4807.0	2346.0 	5
4006.0	768.0 	5
1033.0	632.0 	3
1393.0	2656.0 	1
1168.0	4894.0 	4
1613.0	2689.0 	4
4031.0	2932.0 	2
3531.0	4450.0 	2
362.0	2865.0 	1
2618.0	1391.0 	3
3863.0	1763.0 	5
4836.0	4565.0 	2
2092.0	2153.0 	3
1091.0	4934.0 	4
4433.0	4083.0 	2
3922.0	2157.0 	5
4824.0	4022.0 	2
2538.0	188.0 	3
274.0	1615.0 	1
4069.0	891.0 	5
2745.0	4953.0 	2
2090.0	2362.0 	3
519.0	3223.0 	4
3391.0	917.0 	5
4857.0	2329.0 	5
4352.0	2168.0 	5
3142.0	2637.0 	2
4259.0	331.0 	5
1339.0	4879.0 	4
2773.0	4629.0 	2
3620.0	2688.0 	2
1758.0	1439.0 	3
3008.0	1460.0 	5
1158.0	563.0 	3
906.0	1417.0 	1
621.0	731.0 	1
1547.0	2542.0 	1
603.0	1556.0 	1
1303.0	3828.0 	4
3768.0	2580.0 	2
1010.0	1532.0 	1
88.0	2267.0 	1
132.0	4814.0 	4
4353.0	2961.0 	2
4346.0	3258.0 	2
4612.0	2345.0 	5
3088.0	3445.0 	2
1868.0	831.0 	3
4160.0	1582.0 	5
2387.0	1115.0 	3
3997.0	4924.0 	2
4721.0	2929.0 	2
783.0	1408.0 	1
1216.0	2763.0 	1
3625.0	4493.0 	2
4600.0	4042.0 	2
3455.0	2288.0 	5
2751.0	373.0 	3
4873.0	3679.0 	2
1993.0	2974.0 	4
2590.0	4711.0 	4
2661.0	4785.0 	4
681.0	771.0 	1
67.0	3378.0 	4
2960.0	3730.0 	2
1743.0	4683.0 	4
2770.0	4819.0 	2
2987.0	2269.0 	5
3293.0	4635.0 	2
2565.0	726.0 	3
705.0	2800.0 	1
3532.0	2506.0 	2
3700.0	839.0 	5
1914.0	918.0 	3
469.0	2579.0 	1
1335.0	1487.0 	1
4238.0	3488.0 	2
1795.0	658.0 	3
3771.0	4730.0 	2
1926.0	1580.0 	3
4197.0	1766.0 	5
2465.0	4907.0 	4
3241.0	4982.0 	2
3215.0	2396.0 	5
2500.0	4231.0 	4
15.0	1648.0 	1
2257.0	4397.0 	4
3336.0	3471.0 	2
4064.0	2693.0 	2
521.0	1325.0 	1
3671.0	1245.0 	5
2870.0	1282.0 	3
1625.0	3999.0 	4
2023.0	1917.0 	3
410.0	723.0 	1
781.0	149.0 	3
2725.0	602.0 	3
1371.0	1497.0 	1
4.0	176.0 	1
1726.0	2566.0 	1
4994.0	1451.0 	5
2560.0	905.0 	3
4711.0	2120.0 	5
2720.0	2579.0 	2
306.0	1263.0 	1
2170.0	1428.0 	3
4545.0	2072.0 	5
2712.0	2743.0 	2
109.0	4265.0 	4
2370.0	170.0 	3
291.0	3535.0 	4
260.0	1988.0 	1
1523.0	159.0 	3
1579.0	2625.0 	1
2497.0	4665.0 	4
3085.0	3141.0 	2
3719.0	2457.0 	5
1002.0	4323.0 	4
3366.0	4328.0 	2
4656.0	3108.0 	2
3821.0	217.0 	5
554.0	1269.0 	1
2933.0	4655.0 	2
4583.0	4435.0 	2
267.0	131.0 	1
2682.0	1912.0 	3
60.0	4935.0 	4
3143.0	3799.0 	2
1698.0	2428.0 	1
3234.0	897.0 	5
2375.0	4618.0 	4
3576.0	3997.0 	2
2769.0	3522.0 	2
3879.0	176.0 	5
2413.0	2725.0 	4
3078.0	2223.0 	5
3469.0	362.0 	5
273.0	3097.0 	4
1543.0	2672.0 	1
485.0	657.0 	1
1925.0	2483.0 	1
4512.0	4707.0 	2
4821.0	3823.0 	2
506.0	1423.0 	1
2691.0	3831.0 	2
566.0	3833.0 	4
2120.0	2381.0 	3
3257.0	3709.0 	2
149.0	4384.0 	4
518.0	4276.0 	4
3143.0	1304.0 	5
1253.0	4694.0 	4
3298.0	4577.0 	2
733.0	2938.0 	4
3730.0	804.0 	5
2159.0	2107.0 	3
3665.0	1818.0 	5
1104.0	1284.0 	1
4499.0	345.0 	5
1524.0	3977.0 	4
1162.0	2244.0 	1
1776.0	4414.0 	4
4663.0	4557.0 	2
2282.0	483.0 	3
2590.0	4646.0 	4
3963.0	3873.0 	2
2577.0	944.0 	3
3461.0	3607.0 	2
4616.0	4268.0 	2
3472.0	1461.0 	5
1977.0	2720.0 	4
379.0	3027.0 	1
1412.0	1813.0 	1
1221.0	3546.0 	4
3606.0	2611.0 	2
2222.0	1202.0 	3
3314.0	43.0 	5
375.0	4510.0 	4
3670.0	3845.0 	2
1698.0	1131.0 	3
2381.0	3837.0 	4
2885.0	3935.0 	2
2866.0	2166.0 	3
1280.0	1278.0 	1
3279.0	3744.0 	2
211.0	3726.0 	4
1598.0	1929.0 	1
3096.0	719.0 	5
181.0	3686.0 	4
1853.0	4655.0 	4
4426.0	2803.0 	2
4908.0	305.0 	5
424.0	4467.0 	4
3995.0	1341.0 	5
1019.0	3662.0 	4
1642.0	2631.0 	1
2496.0	707.0 	3
85.0	4082.0 	4
2009.0	2603.0 	4
2113.0	3696.0 	4
558.0	3445.0 	4
683.0	172.0 	3
1964.0	1301.0 	3
2651.0	1680.0 	3
2097.0	3323.0 	4
3217.0	3136.0 	2
3361.0	889.0 	5
947.0	414.0 	3
578.0	1953.0 	1
4661.0	2387.0 	5
1000.0	1573.0 	1
2353.0	3962.0 	4
3149.0	42.0 	5
2067.0	4482.0 	4
3043.0	4673.0 	2
4203.0	3538.0 	2
492.0	2781.0 	1
516.0	3187.0 	4
922.0	656.0 	1
471.0	3487.0 	4
3980.0	21.0 	5
1763.0	3835.0 	4
154.0	927.0 	1
1363.0	1356.0 	3
2025.0	4405.0 	4
3073.0	2846.0 	2
3943.0	394.0 	5
4859.0	1765.0 	5
2435.0	3415.0 	4
657.0	2421.0 	1
3604.0	3721.0 	2
4164.0	4394.0 	2
4775.0	3854.0 	2
4532.0	3899.0 	2
1243.0	2017.0 	1
1478.0	2607.0 	1
4519.0	2844.0 	2
4175.0	1672.0 	5
3150.0	4599.0 	2
2191.0	4469.0 	4
3118.0	4486.0 	2
1152.0	2487.0 	1
3034.0	4158.0 	2
1740.0	1819.0 	3
4367.0	2264.0 	5
3444.0	3549.0 	2
3636.0	1943.0 	5
2329.0	3802.0 	4
1249.0	346.0 	3
3116.0	55.0 	3
1436.0	3784.0 	4
2171.0	1135.0 	3
1320.0	2454.0 	1
2288.0	3559.0 	4
2679.0	1358.0 	3
2497.0	2644.0 	2
2770.0	680.0 	3
3404.0	3653.0 	2
3624.0	720.0 	5
4821.0	2163.0 	5
4032.0	4233.0 	2
3947.0	1690.0 	5
2218.0	1986.0 	3
2704.0	907.0 	3
4600.0	2852.0 	2
3357.0	628.0 	5
4293.0	2830.0 	2
941.0	3010.0 	4
2150.0	106.0 	3
1344.0	667.0 	3
3457.0	3278.0 	2
4907.0	1616.0 	5
419.0	1251.0 	1
1846.0	1501.0 	3
295.0	1092.0 	1
3241.0	4920.0 	2
427.0	238.0 	1
185.0	4702.0 	4
1752.0	4820.0 	4
2320.0	4398.0 	4
549.0	4762.0 	4
2759.0	4053.0 	2
2957.0	4500.0 	2
1964.0	2075.0 	3
2918.0	4016.0 	2
1492.0	1295.0 	3
2678.0	1930.0 	3
3741.0	3901.0 	2
4361.0	502.0 	5
1501.0	257.0 	3
1426.0	732.0 	3
234.0	1275.0 	1
4846.0	4147.0 	2
4847.0	974.0 	5
4952.0	4184.0 	2
3101.0	3953.0 	2
1567.0	3841.0 	4
4795.0	119.0 	5
4030.0	4755.0 	2
1821.0	93.0 	3
201.0	879.0 	1
4905.0	210.0 	5
307.0	4413.0 	4
3804.0	2403.0 	5
2133.0	1737.0 	3
1146.0	4525.0 	4
3118.0	4912.0 	2
1359.0	4445.0 	4
2573.0	1104.0 	3
518.0	604.0 	1
2977.0	265.0 	3
2507.0	2622.0 	3
4579.0	552.0 	5
2359.0	1802.0 	3
3714.0	1096.0 	5
2257.0	3690.0 	4
939.0	1606.0 	1
4787.0	3153.0 	2
3257.0	4153.0 	2
3254.0	3199.0 	2
522.0	2599.0 	1
3979.0	1057.0 	5
1409.0	2005.0 	1
2867.0	4799.0 	2
3844.0	4059.0 	2
2839.0	574.0 	3
3255.0	938.0 	5
2550.0	56.0 	3
1375.0	1399.0 	1
3585.0	3148.0 	2
2809.0	2953.0 	2
1199.0	2455.0 	1
437.0	3070.0 	4
2517.0	4075.0 	4
1729.0	3414.0 	4
1001.0	675.0 	3
2381.0	490.0 	3
4458.0	1341.0 	5
3741.0	941.0 	5
51.0	1601.0 	1
4264.0	2978.0 	2
878.0	861.0 	1
4720.0	1142.0 	5
1277.0	3292.0 	4
2981.0	4852.0 	2
2876.0	1790.0 	3
75.0	1237.0 	1
2741.0	4082.0 	2
534.0	1898.0 	1
2781.0	3257.0 	2
978.0	4994.0 	4
3902.0	1351.0 	5
3261.0	543.0 	5
269.0	1355.0 	1
4674.0	1097.0 	5
342.0	1797.0 	1
10.0	4410.0 	4
2382.0	3665.0 	4
4229.0	4356.0 	2
679.0	3682.0 	4
1058.0	448.0 	3
4974.0	4360.0 	2
3020.0	1811.0 	5
2665.0	4283.0 	2
826.0	4806.0 	4
2243.0	3605.0 	4
4789.0	1690.0 	5
3076.0	1673.0 	5
4274.0	4663.0 	2
1289.0	240.0 	3
972.0	3032.0 	4
3287.0	3809.0 	2
264.0	1414.0 	1
2832.0	468.0 	3
608.0	1362.0 	1
4839.0	2798.0 	2
2320.0	224.0 	3
4661.0	4316.0 	2
1073.0	530.0 	3
876.0	3172.0 	4
164.0	1704.0 	1
647.0	864.0 	1
3928.0	4778.0 	2
3505.0	118.0 	5
3915.0	3034.0 	2
3291.0	994.0 	5
1427.0	1599.0 	1
1727.0	954.0 	3
3617.0	1413.0 	5
3033.0	3592.0 	2
2172.0	369.0 	3
1453.0	1835.0 	1
2983.0	4944.0 	2
448.0	2083.0 	1
4366.0	4618.0 	2
1857.0	2406.0 	1
2180.0	4854.0 	4
2097.0	1590.0 	3
1339.0	2708.0 	1
1669.0	2972.0 	4
3906.0	4952.0 	2
3024.0	2809.0 	2
