4130.0	2653.0 	1
4203.0	4777.0 	1
1408.0	1343.0 	3
3929.0	561.0 	4
973.0	2360.0 	3
2800.0	769.0 	4
4429.0	3963.0 	1
2412.0	3802.0 	2
368.0	1833.0 	3
1844.0	3683.0 	2
859.0	4481.0 	2
181.0	2073.0 	3
2287.0	3672.0 	2
147.0	4686.0 	2
4150.0	2120.0 	4
3995.0	3288.0 	1
4417.0	3324.0 	1
4654.0	3727.0 	1
4824.0	1832.0 	4
87.0	1620.0 	3
4033.0	1028.0 	4
2655.0	1113.0 	4
1119.0	3107.0 	2
4078.0	3680.0 	1
2482.0	968.0 	4
2807.0	3200.0 	1
425.0	4339.0 	2
4703.0	4269.0 	1
3287.0	194.0 	4
2272.0	1.0 	3
631.0	3929.0 	2
2498.0	2556.0 	1
1524.0	415.0 	3
451.0	3816.0 	2
1870.0	2375.0 	3
426.0	2562.0 	3
4537.0	2368.0 	4
4759.0	2168.0 	4
3774.0	3292.0 	1
4655.0	769.0 	4
4819.0	2831.0 	1
3540.0	3796.0 	1
4855.0	509.0 	4
2080.0	4657.0 	2
743.0	2729.0 	2
2462.0	1413.0 	4
3332.0	3878.0 	1
1880.0	9.0 	3
11.0	3059.0 	2
531.0	1940.0 	3
3210.0	3305.0 	1
4069.0	4124.0 	1
3923.0	3123.0 	1
3152.0	3839.0 	1
3591.0	3135.0 	1
2769.0	3271.0 	1
3925.0	2721.0 	1
2151.0	4529.0 	2
2624.0	4488.0 	1
3085.0	4355.0 	1
2299.0	778.0 	3
2805.0	4643.0 	1
1065.0	1964.0 	3
3553.0	4295.0 	1
210.0	3770.0 	2
2054.0	3695.0 	2
4511.0	149.0 	4
1428.0	1706.0 	3
4205.0	3749.0 	1
4173.0	1690.0 	4
2288.0	620.0 	3
625.0	4416.0 	2
1992.0	1118.0 	3
991.0	2006.0 	3
333.0	450.0 	3
177.0	3208.0 	2
2791.0	665.0 	4
1729.0	1455.0 	3
4067.0	2844.0 	1
3804.0	248.0 	4
4134.0	1391.0 	4
1093.0	2346.0 	3
993.0	2671.0 	2
3741.0	3136.0 	1
3213.0	1471.0 	4
2057.0	279.0 	3
3313.0	3014.0 	1
578.0	4731.0 	2
807.0	3229.0 	2
4450.0	1722.0 	4
329.0	4723.0 	2
3539.0	4955.0 	1
2173.0	2728.0 	2
4368.0	287.0 	4
4328.0	717.0 	4
292.0	161.0 	3
3075.0	1063.0 	4
3566.0	814.0 	4
4576.0	3523.0 	1
3747.0	3079.0 	1
549.0	1765.0 	3
1699.0	4039.0 	2
1442.0	4061.0 	2
319.0	4322.0 	2
3005.0	3165.0 	1
4536.0	2698.0 	1
1611.0	3798.0 	2
2763.0	3384.0 	1
1205.0	4488.0 	2
2194.0	1673.0 	3
4260.0	3806.0 	1
381.0	2065.0 	3
1995.0	4664.0 	2
742.0	3414.0 	2
2336.0	2042.0 	3
4045.0	4889.0 	1
1545.0	1538.0 	3
3745.0	3632.0 	1
1846.0	227.0 	3
3476.0	4651.0 	1
4751.0	3526.0 	1
4508.0	2877.0 	1
2392.0	709.0 	3
452.0	3803.0 	2
4874.0	891.0 	4
1119.0	1149.0 	3
878.0	148.0 	3
1587.0	3926.0 	2
3571.0	4561.0 	1
4092.0	3764.0 	1
3357.0	3823.0 	1
3749.0	4001.0 	1
3559.0	3060.0 	1
4020.0	3652.0 	1
4386.0	3526.0 	1
2819.0	2189.0 	4
497.0	1326.0 	3
843.0	929.0 	3
1420.0	1213.0 	3
2484.0	4903.0 	2
2297.0	889.0 	3
2352.0	375.0 	3
4381.0	1274.0 	4
1478.0	3973.0 	2
2410.0	3203.0 	2
3424.0	1059.0 	4
4017.0	641.0 	4
4720.0	2146.0 	4
4585.0	2585.0 	1
4211.0	4532.0 	1
2277.0	2541.0 	2
1866.0	3910.0 	2
2972.0	1110.0 	4
3804.0	4486.0 	1
4383.0	2127.0 	4
2003.0	346.0 	3
4427.0	741.0 	4
2033.0	2859.0 	2
1312.0	3493.0 	2
4551.0	2187.0 	4
4708.0	1002.0 	4
3638.0	4288.0 	1
1246.0	88.0 	3
3861.0	3756.0 	1
1485.0	2823.0 	2
1404.0	3382.0 	2
4264.0	1929.0 	4
476.0	2636.0 	2
678.0	3850.0 	2
1403.0	552.0 	3
2963.0	780.0 	4
1844.0	3966.0 	2
1542.0	4316.0 	2
1116.0	147.0 	3
2843.0	3836.0 	1
2349.0	4352.0 	2
3009.0	2136.0 	4
1799.0	2502.0 	3
1651.0	1581.0 	3
3475.0	64.0 	4
87.0	629.0 	3
283.0	4028.0 	2
3822.0	4362.0 	1
356.0	3528.0 	2
2785.0	3553.0 	1
4441.0	401.0 	4
1070.0	4272.0 	2
4059.0	186.0 	4
2816.0	4281.0 	1
981.0	4773.0 	2
232.0	2434.0 	3
1504.0	4696.0 	2
274.0	3204.0 	2
2561.0	3117.0 	1
727.0	181.0 	3
3858.0	3408.0 	1
4744.0	2283.0 	4
4410.0	107.0 	4
4998.0	328.0 	4
3358.0	4215.0 	1
4890.0	4014.0 	1
4707.0	435.0 	4
2951.0	4276.0 	1
2589.0	2426.0 	4
907.0	1619.0 	3
4991.0	3530.0 	1
1988.0	2408.0 	3
2889.0	2763.0 	1
841.0	944.0 	3
2819.0	2354.0 	4
1057.0	1820.0 	3
3112.0	880.0 	4
4212.0	1240.0 	4
4797.0	1457.0 	4
1189.0	21.0 	3
1005.0	4109.0 	2
4636.0	4680.0 	1
520.0	3429.0 	2
2689.0	1146.0 	4
2728.0	1239.0 	4
4740.0	4728.0 	1
327.0	2746.0 	2
711.0	1771.0 	3
3641.0	577.0 	4
3073.0	3423.0 	1
904.0	1101.0 	3
130.0	4504.0 	2
3588.0	530.0 	4
2476.0	458.0 	4
2918.0	4965.0 	1
4229.0	1658.0 	4
366.0	4412.0 	2
2933.0	2786.0 	1
3607.0	2965.0 	1
429.0	1751.0 	3
1835.0	4544.0 	2
2125.0	3436.0 	2
2270.0	4428.0 	2
2992.0	1156.0 	4
470.0	4517.0 	2
194.0	995.0 	3
3012.0	2225.0 	4
1433.0	398.0 	3
1951.0	2167.0 	3
1168.0	3263.0 	2
1477.0	1281.0 	3
1933.0	752.0 	3
4605.0	228.0 	4
4762.0	772.0 	4
3500.0	2734.0 	1
2623.0	3052.0 	1
1679.0	3824.0 	2
1455.0	1567.0 	3
2799.0	4327.0 	1
2943.0	4675.0 	1
4271.0	2649.0 	1
10.0	2659.0 	2
418.0	205.0 	3
680.0	3686.0 	2
1167.0	2413.0 	3
123.0	2632.0 	2
4107.0	3539.0 	1
2197.0	1137.0 	3
3773.0	1983.0 	4
4169.0	4025.0 	1
1105.0	2231.0 	3
4323.0	990.0 	4
3507.0	809.0 	4
4721.0	2045.0 	4
3079.0	3260.0 	1
204.0	2350.0 	3
2593.0	304.0 	4
911.0	4516.0 	2
4215.0	214.0 	4
4875.0	3046.0 	1
158.0	4226.0 	2
648.0	3702.0 	2
1107.0	4001.0 	2
312.0	4210.0 	2
4518.0	64.0 	4
1398.0	1226.0 	3
1293.0	417.0 	3
2355.0	1466.0 	3
3529.0	3347.0 	1
827.0	1702.0 	3
2091.0	3741.0 	2
2647.0	670.0 	4
1727.0	4807.0 	2
1168.0	4782.0 	2
4268.0	1321.0 	4
2549.0	1279.0 	4
3813.0	4312.0 	1
3011.0	3254.0 	1
3151.0	2646.0 	1
2041.0	423.0 	3
818.0	4632.0 	2
3636.0	3646.0 	1
1548.0	1649.0 	3
3691.0	3538.0 	1
2249.0	2006.0 	3
8.0	3016.0 	2
3471.0	1886.0 	4
3972.0	3922.0 	1
2654.0	1203.0 	4
1425.0	4513.0 	2
652.0	4737.0 	2
3464.0	1387.0 	4
584.0	4337.0 	2
2218.0	3180.0 	2
3320.0	2076.0 	4
2427.0	333.0 	4
3687.0	467.0 	4
945.0	3888.0 	2
913.0	1020.0 	3
404.0	4192.0 	2
83.0	2299.0 	3
2691.0	3938.0 	1
2042.0	4706.0 	2
4398.0	1088.0 	4
1437.0	1209.0 	3
2259.0	320.0 	3
3356.0	841.0 	4
2205.0	1163.0 	3
4901.0	816.0 	4
3355.0	1450.0 	4
693.0	4821.0 	2
4507.0	4084.0 	1
2541.0	4455.0 	1
3432.0	1833.0 	4
231.0	3366.0 	2
2188.0	787.0 	3
3940.0	11.0 	4
259.0	638.0 	3
1318.0	1890.0 	3
4493.0	2889.0 	1
2693.0	3789.0 	1
331.0	3264.0 	2
207.0	678.0 	3
94.0	4069.0 	2
3230.0	363.0 	4
785.0	2367.0 	3
3456.0	3264.0 	1
658.0	411.0 	3
2462.0	1431.0 	4
2532.0	91.0 	4
2043.0	785.0 	3
4591.0	2974.0 	1
260.0	3857.0 	2
2769.0	4084.0 	1
4091.0	1395.0 	4
148.0	2179.0 	3
2473.0	3982.0 	2
2917.0	4609.0 	1
3742.0	115.0 	4
208.0	1163.0 	3
2946.0	3039.0 	1
4784.0	3732.0 	1
4826.0	3343.0 	1
3725.0	3770.0 	1
3870.0	462.0 	4
2407.0	105.0 	3
3509.0	4749.0 	1
161.0	3502.0 	2
2936.0	1333.0 	4
2432.0	495.0 	4
1593.0	2078.0 	3
3166.0	552.0 	4
2245.0	696.0 	3
2061.0	2383.0 	3
438.0	2143.0 	3
4565.0	883.0 	4
2243.0	502.0 	3
801.0	4406.0 	2
2773.0	2188.0 	4
752.0	345.0 	3
4195.0	1018.0 	4
2732.0	2823.0 	1
4094.0	1132.0 	4
2444.0	3382.0 	2
3171.0	1454.0 	4
3749.0	3484.0 	1
177.0	2908.0 	2
1048.0	2835.0 	2
2021.0	4918.0 	2
1106.0	179.0 	3
4933.0	165.0 	4
2573.0	2014.0 	4
1702.0	2515.0 	3
1130.0	695.0 	3
4507.0	4903.0 	1
4532.0	4135.0 	1
3906.0	4075.0 	1
4452.0	2521.0 	1
703.0	4076.0 	2
1773.0	4153.0 	2
2888.0	3032.0 	1
3359.0	3293.0 	1
2194.0	3140.0 	2
1824.0	4280.0 	2
4603.0	1308.0 	4
4702.0	910.0 	4
1485.0	4811.0 	2
469.0	3291.0 	2
662.0	2888.0 	2
1090.0	4735.0 	2
2862.0	4985.0 	1
577.0	2295.0 	3
722.0	3436.0 	2
52.0	1032.0 	3
3218.0	236.0 	4
2506.0	3957.0 	2
411.0	2362.0 	3
3879.0	2034.0 	4
4996.0	1629.0 	4
811.0	56.0 	3
2918.0	3299.0 	1
4351.0	3897.0 	1
1609.0	4303.0 	2
3501.0	1950.0 	4
3428.0	3314.0 	1
4352.0	3.0 	4
1013.0	797.0 	3
4788.0	1027.0 	4
53.0	1543.0 	3
4709.0	600.0 	4
33.0	3474.0 	2
3404.0	2762.0 	1
1157.0	3569.0 	2
230.0	2283.0 	3
2501.0	2255.0 	4
143.0	17.0 	3
3067.0	1807.0 	4
1322.0	125.0 	3
1572.0	375.0 	3
4201.0	3877.0 	1
1244.0	1045.0 	3
356.0	1085.0 	3
4466.0	2708.0 	1
1063.0	3311.0 	2
227.0	2008.0 	3
4266.0	2468.0 	4
2140.0	1980.0 	3
4069.0	856.0 	4
857.0	691.0 	3
4962.0	2327.0 	4
3113.0	649.0 	4
998.0	471.0 	3
613.0	3111.0 	2
1863.0	3894.0 	2
4561.0	498.0 	4
4049.0	4170.0 	1
312.0	2107.0 	3
1087.0	4607.0 	2
984.0	1237.0 	3
4816.0	4817.0 	1
869.0	4272.0 	2
551.0	3000.0 	2
715.0	1821.0 	3
222.0	382.0 	3
1607.0	1723.0 	3
4146.0	298.0 	4
2402.0	526.0 	3
1015.0	2259.0 	3
1366.0	1469.0 	3
1136.0	2330.0 	3
131.0	3918.0 	2
2085.0	1343.0 	3
4652.0	2599.0 	1
3420.0	3023.0 	1
2725.0	2349.0 	4
4135.0	1201.0 	4
1279.0	1843.0 	3
182.0	4844.0 	2
3079.0	4689.0 	1
3312.0	621.0 	4
3776.0	3054.0 	1
567.0	1557.0 	3
3608.0	998.0 	4
4330.0	2152.0 	4
2939.0	3198.0 	1
3338.0	3615.0 	1
894.0	3117.0 	2
2900.0	561.0 	4
2391.0	4317.0 	2
1411.0	3560.0 	2
2254.0	4565.0 	2
1907.0	2846.0 	2
2569.0	3551.0 	1
288.0	4591.0 	2
2410.0	1129.0 	3
2504.0	3041.0 	1
2716.0	4769.0 	1
2492.0	2669.0 	2
2380.0	109.0 	3
567.0	2636.0 	2
3509.0	3533.0 	1
3483.0	62.0 	4
3616.0	4765.0 	1
54.0	1288.0 	3
2108.0	4776.0 	2
708.0	4451.0 	2
342.0	2348.0 	3
1246.0	3697.0 	2
34.0	650.0 	3
3281.0	3428.0 	1
473.0	569.0 	3
1747.0	1304.0 	3
4636.0	19.0 	4
203.0	3039.0 	2
2550.0	4260.0 	1
1693.0	3820.0 	2
3279.0	2065.0 	4
2842.0	3967.0 	1
1499.0	2177.0 	3
1006.0	3911.0 	2
3957.0	4868.0 	1
900.0	670.0 	3
4562.0	1606.0 	4
3149.0	3808.0 	1
3419.0	3280.0 	1
2937.0	4734.0 	1
651.0	4904.0 	2
4056.0	3987.0 	1
4596.0	4031.0 	1
1953.0	630.0 	3
1293.0	2405.0 	3
2941.0	2494.0 	4
596.0	4278.0 	2
4412.0	286.0 	4
1022.0	2799.0 	2
3901.0	4347.0 	1
1074.0	4984.0 	2
2992.0	1165.0 	4
2144.0	2700.0 	2
4719.0	2058.0 	4
3092.0	4005.0 	1
2114.0	1778.0 	3
251.0	3077.0 	2
4537.0	1480.0 	4
4346.0	1442.0 	4
334.0	296.0 	3
4342.0	910.0 	4
3090.0	4787.0 	1
4289.0	4980.0 	1
942.0	4108.0 	2
2329.0	4711.0 	2
768.0	1924.0 	3
1705.0	1098.0 	3
4286.0	3691.0 	1
3688.0	2158.0 	4
1535.0	2228.0 	3
484.0	3469.0 	2
2879.0	2101.0 	4
4897.0	950.0 	4
4172.0	2533.0 	1
2621.0	4193.0 	1
706.0	1042.0 	3
3049.0	4706.0 	1
1814.0	3546.0 	2
226.0	3146.0 	2
2608.0	2497.0 	4
1580.0	3750.0 	2
1195.0	2175.0 	3
3175.0	1259.0 	4
3772.0	3401.0 	1
3382.0	3304.0 	1
1454.0	2540.0 	2
115.0	4264.0 	2
646.0	3672.0 	2
1690.0	2879.0 	2
4309.0	2770.0 	1
1395.0	4974.0 	2
4501.0	1959.0 	4
1942.0	2609.0 	2
659.0	3018.0 	2
4405.0	594.0 	4
4889.0	1237.0 	4
3403.0	2567.0 	1
1980.0	284.0 	3
4427.0	2980.0 	1
2869.0	4126.0 	1
3214.0	4589.0 	1
4432.0	1154.0 	4
3513.0	606.0 	4
4710.0	1292.0 	4
1686.0	4104.0 	2
2976.0	131.0 	4
1381.0	3290.0 	2
3512.0	3217.0 	1
903.0	4895.0 	2
1300.0	3096.0 	2
683.0	2439.0 	3
3132.0	2595.0 	1
2891.0	4755.0 	1
113.0	1078.0 	3
1716.0	3747.0 	2
2585.0	310.0 	4
3109.0	1896.0 	4
2421.0	4049.0 	2
1027.0	2384.0 	3
2417.0	131.0 	3
3706.0	1077.0 	4
115.0	202.0 	3
3858.0	630.0 	4
3232.0	1386.0 	4
1123.0	3791.0 	2
3918.0	3036.0 	1
181.0	3098.0 	2
2537.0	1939.0 	4
4204.0	674.0 	4
225.0	3540.0 	2
3842.0	473.0 	4
917.0	4331.0 	2
3304.0	2908.0 	1
419.0	525.0 	3
2044.0	2593.0 	2
273.0	1306.0 	3
2113.0	2138.0 	3
3756.0	540.0 	4
2291.0	809.0 	3
1535.0	3828.0 	2
4002.0	1326.0 	4
1656.0	1169.0 	3
988.0	4607.0 	2
687.0	4153.0 	2
2704.0	2968.0 	1
1016.0	2761.0 	2
17.0	4431.0 	2
4267.0	1768.0 	4
4289.0	271.0 	4
243.0	3374.0 	2
3550.0	346.0 	4
1941.0	4025.0 	2
1591.0	219.0 	3
1795.0	4093.0 	2
2278.0	3526.0 	2
2381.0	2958.0 	2
4356.0	1257.0 	4
1732.0	4129.0 	2
272.0	1735.0 	3
1471.0	2970.0 	2
4478.0	2943.0 	1
470.0	116.0 	3
2165.0	958.0 	3
4993.0	4063.0 	1
4817.0	1715.0 	4
4443.0	724.0 	4
2839.0	4476.0 	1
3560.0	3312.0 	1
58.0	135.0 	3
1219.0	1972.0 	3
4499.0	3677.0 	1
2172.0	2953.0 	2
1798.0	3527.0 	2
3657.0	208.0 	4
1507.0	3538.0 	2
1902.0	972.0 	3
1302.0	3121.0 	2
408.0	2836.0 	2
369.0	1755.0 	3
1431.0	2354.0 	3
2590.0	1533.0 	4
2554.0	791.0 	4
1518.0	1950.0 	3
43.0	910.0 	3
4676.0	3772.0 	1
2194.0	2415.0 	3
2368.0	2539.0 	2
1316.0	2088.0 	3
473.0	4830.0 	2
4089.0	1709.0 	4
2799.0	4878.0 	1
42.0	2735.0 	2
931.0	4548.0 	2
2334.0	2066.0 	3
1465.0	4544.0 	2
4737.0	800.0 	4
1099.0	1013.0 	3
393.0	3176.0 	2
2636.0	211.0 	4
3705.0	1955.0 	4
4764.0	1160.0 	4
1369.0	1644.0 	3
2443.0	3261.0 	2
4573.0	924.0 	4
469.0	2838.0 	2
2367.0	4420.0 	2
2581.0	733.0 	4
3272.0	1087.0 	4
3.0	2416.0 	3
250.0	2865.0 	2
2070.0	2181.0 	3
317.0	125.0 	3
4817.0	4896.0 	1
1544.0	4889.0 	2
4472.0	4959.0 	1
1294.0	1752.0 	3
3108.0	1961.0 	4
1715.0	2914.0 	2
2915.0	4214.0 	1
1010.0	590.0 	3
4057.0	1167.0 	4
13.0	280.0 	3
4012.0	2313.0 	4
2167.0	4732.0 	2
2133.0	665.0 	3
4233.0	3720.0 	1
537.0	463.0 	3
4893.0	3987.0 	1
1722.0	3546.0 	2
4153.0	3147.0 	1
2820.0	1366.0 	4
4452.0	155.0 	4
2262.0	2372.0 	3
811.0	4714.0 	2
373.0	2997.0 	2
4880.0	338.0 	4
1193.0	2865.0 	2
2723.0	410.0 	4
1173.0	2932.0 	2
1990.0	2714.0 	2
1411.0	4294.0 	2
3824.0	3376.0 	1
4657.0	2456.0 	4
4099.0	1085.0 	4
4310.0	4257.0 	1
3724.0	2627.0 	1
4962.0	3000.0 	1
4980.0	2338.0 	4
2758.0	962.0 	4
1751.0	3913.0 	2
1683.0	3811.0 	2
2761.0	1662.0 	4
1360.0	2852.0 	2
2508.0	3767.0 	2
345.0	3751.0 	2
3656.0	770.0 	4
879.0	3668.0 	2
2394.0	2782.0 	2
3261.0	4705.0 	1
374.0	4708.0 	2
2135.0	3911.0 	2
3900.0	1424.0 	4
1879.0	3086.0 	2
76.0	1020.0 	3
4710.0	424.0 	4
590.0	301.0 	3
2317.0	4051.0 	2
2945.0	3637.0 	1
4565.0	1607.0 	4
1789.0	3101.0 	2
916.0	2156.0 	3
187.0	2305.0 	3
3161.0	3974.0 	1
1389.0	4881.0 	2
4740.0	2408.0 	4
3098.0	4703.0 	1
4220.0	563.0 	4
4059.0	4196.0 	1
3078.0	2404.0 	4
4762.0	588.0 	4
503.0	3766.0 	2
4839.0	3201.0 	1
4605.0	1183.0 	4
884.0	3860.0 	2
4895.0	501.0 	4
2850.0	3553.0 	1
145.0	4442.0 	2
867.0	4540.0 	2
2678.0	4961.0 	1
419.0	4662.0 	2
2235.0	4960.0 	2
4177.0	905.0 	4
4366.0	3069.0 	1
1825.0	2766.0 	2
3384.0	2268.0 	4
1852.0	243.0 	3
2250.0	633.0 	3
1618.0	3243.0 	2
3091.0	869.0 	4
1065.0	3096.0 	2
3225.0	4546.0 	1
3766.0	2325.0 	4
3444.0	1280.0 	4
1723.0	3144.0 	2
912.0	109.0 	3
4615.0	4420.0 	1
778.0	3886.0 	2
4205.0	2338.0 	4
599.0	4567.0 	2
4340.0	3015.0 	1
3979.0	3699.0 	1
1171.0	1867.0 	3
162.0	1058.0 	3
2054.0	4025.0 	2
4596.0	2525.0 	1
542.0	3534.0 	2
3878.0	1758.0 	4
3915.0	3725.0 	1
2127.0	3726.0 	2
3691.0	3638.0 	1
2893.0	2435.0 	4
2459.0	758.0 	4
4045.0	1842.0 	4
3051.0	114.0 	4
3185.0	1701.0 	4
2855.0	3815.0 	1
3730.0	1677.0 	4
934.0	4330.0 	2
3613.0	859.0 	4
3340.0	1473.0 	4
3629.0	2935.0 	1
2688.0	2541.0 	1
967.0	4917.0 	2
3429.0	4477.0 	1
1093.0	1019.0 	3
3517.0	2417.0 	4
3941.0	3357.0 	1
994.0	1289.0 	3
4029.0	1514.0 	4
2964.0	3549.0 	1
2250.0	4151.0 	2
3716.0	2877.0 	1
3987.0	2849.0 	1
1539.0	3057.0 	2
4481.0	2952.0 	1
3268.0	1642.0 	4
4511.0	1422.0 	4
3407.0	2422.0 	4
904.0	866.0 	3
1287.0	2636.0 	2
3479.0	1132.0 	4
463.0	3219.0 	2
1125.0	3711.0 	2
4936.0	3128.0 	1
1022.0	1042.0 	3
4499.0	4622.0 	1
4009.0	1478.0 	4
3929.0	1985.0 	4
652.0	4510.0 	2
836.0	890.0 	3
3961.0	4575.0 	1
4888.0	238.0 	4
4166.0	2338.0 	4
3832.0	688.0 	4
3008.0	746.0 	4
2327.0	611.0 	3
4231.0	1913.0 	4
1471.0	3095.0 	2
1086.0	4170.0 	2
4948.0	630.0 	4
1530.0	1830.0 	3
2411.0	711.0 	3
2494.0	3631.0 	2
1246.0	2667.0 	2
653.0	509.0 	3
613.0	818.0 	3
2606.0	3552.0 	1
3657.0	4000.0 	1
3528.0	2800.0 	1
47.0	1366.0 	3
2595.0	443.0 	4
2864.0	4763.0 	1
3912.0	4994.0 	1
245.0	2564.0 	3
1193.0	4904.0 	2
4912.0	1480.0 	4
1822.0	710.0 	3
3733.0	1198.0 	4
77.0	4266.0 	2
2478.0	4776.0 	2
2056.0	488.0 	3
1279.0	4288.0 	2
2241.0	1018.0 	3
2366.0	4589.0 	2
3277.0	3782.0 	1
2617.0	2852.0 	1
547.0	2656.0 	2
2817.0	989.0 	4
1643.0	226.0 	3
2380.0	3802.0 	2
4408.0	3419.0 	1
2939.0	1752.0 	4
2784.0	3760.0 	1
541.0	4021.0 	2
4931.0	4917.0 	1
2121.0	4993.0 	2
2935.0	3473.0 	1
3466.0	3653.0 	1
2461.0	1945.0 	3
1927.0	4783.0 	2
1717.0	3103.0 	2
883.0	1687.0 	3
3455.0	540.0 	4
4750.0	1309.0 	4
3081.0	2032.0 	4
2025.0	1911.0 	3
2440.0	1427.0 	3
2914.0	829.0 	4
2855.0	4902.0 	1
570.0	2201.0 	3
3511.0	1538.0 	4
1041.0	670.0 	3
529.0	4770.0 	2
1628.0	4674.0 	2
4109.0	1992.0 	4
3185.0	4731.0 	1
4553.0	4014.0 	1
1413.0	3388.0 	2
4554.0	328.0 	4
2449.0	1179.0 	4
8.0	506.0 	3
2607.0	2240.0 	4
135.0	2815.0 	2
2844.0	1174.0 	4
553.0	2042.0 	3
4511.0	4885.0 	1
3217.0	4391.0 	1
4010.0	4140.0 	1
4478.0	4778.0 	1
962.0	3500.0 	2
2611.0	3102.0 	1
461.0	1345.0 	3
4206.0	1122.0 	4
1767.0	2145.0 	3
65.0	1932.0 	3
4065.0	136.0 	4
50.0	1436.0 	3
3100.0	2357.0 	4
4681.0	4263.0 	1
168.0	2006.0 	3
2078.0	4796.0 	2
662.0	4559.0 	2
4305.0	2745.0 	1
4627.0	4667.0 	1
89.0	2685.0 	2
2012.0	1016.0 	3
3213.0	110.0 	4
2615.0	671.0 	4
2224.0	780.0 	3
714.0	1438.0 	3
4664.0	1178.0 	4
3965.0	1698.0 	4
606.0	538.0 	3
617.0	2287.0 	3
4661.0	1977.0 	4
3923.0	2668.0 	1
43.0	3247.0 	2
3548.0	2899.0 	1
2584.0	2716.0 	1
2048.0	1335.0 	3
3724.0	2844.0 	1
3371.0	1906.0 	4
2593.0	2253.0 	4
957.0	2603.0 	2
3599.0	1101.0 	4
4777.0	2010.0 	4
1671.0	3825.0 	2
4981.0	3822.0 	1
2395.0	1721.0 	3
684.0	1544.0 	3
1418.0	1699.0 	3
4927.0	4878.0 	1
2991.0	1268.0 	4
284.0	667.0 	3
201.0	2026.0 	3
1378.0	2537.0 	3
1258.0	4897.0 	2
1447.0	1368.0 	3
4580.0	2163.0 	4
2770.0	1373.0 	4
3487.0	3316.0 	1
697.0	3219.0 	2
3967.0	3407.0 	1
1472.0	1196.0 	3
1965.0	1794.0 	3
2893.0	1990.0 	4
620.0	2418.0 	3
695.0	3627.0 	2
1981.0	4392.0 	2
2049.0	553.0 	3
1914.0	3849.0 	2
3961.0	1510.0 	4
3268.0	2405.0 	4
4738.0	3211.0 	1
3935.0	1781.0 	4
2161.0	792.0 	3
3029.0	915.0 	4
1540.0	4883.0 	2
2980.0	4983.0 	1
1497.0	2452.0 	3
2788.0	85.0 	4
2012.0	1823.0 	3
1078.0	3151.0 	2
506.0	229.0 	3
1021.0	1462.0 	3
1160.0	1964.0 	3
253.0	1118.0 	3
4820.0	3981.0 	1
2206.0	2734.0 	2
4634.0	3906.0 	1
2368.0	1206.0 	3
736.0	2196.0 	3
4768.0	3605.0 	1
2412.0	2537.0 	2
1541.0	2794.0 	2
3618.0	3483.0 	1
949.0	3671.0 	2
2153.0	2616.0 	2
3870.0	4901.0 	1
584.0	2430.0 	3
3415.0	3747.0 	1
4804.0	1872.0 	4
3187.0	2618.0 	1
2316.0	980.0 	3
457.0	3647.0 	2
2918.0	127.0 	4
3103.0	784.0 	4
510.0	2353.0 	3
4042.0	3488.0 	1
3457.0	356.0 	4
4609.0	2255.0 	4
1815.0	427.0 	3
3833.0	2312.0 	4
942.0	1158.0 	3
538.0	4172.0 	2
646.0	796.0 	3
4139.0	1729.0 	4
3210.0	2548.0 	1
4960.0	867.0 	4
2964.0	3749.0 	1
2704.0	2348.0 	4
1985.0	2439.0 	3
1896.0	32.0 	3
4743.0	37.0 	4
2144.0	3523.0 	2
2168.0	4941.0 	2
3138.0	1222.0 	4
4813.0	3113.0 	1
4614.0	2985.0 	1
4125.0	2731.0 	1
3206.0	3354.0 	1
4680.0	415.0 	4
3226.0	3518.0 	1
2883.0	3758.0 	1
3805.0	1441.0 	4
3914.0	4802.0 	1
4083.0	2366.0 	4
1561.0	2758.0 	2
2040.0	956.0 	3
2806.0	1581.0 	4
4640.0	2408.0 	4
3150.0	447.0 	4
4882.0	2237.0 	4
3192.0	1977.0 	4
4920.0	4786.0 	1
4101.0	144.0 	4
3971.0	811.0 	4
1732.0	1578.0 	3
2743.0	263.0 	4
1728.0	616.0 	3
4133.0	1020.0 	4
3941.0	2278.0 	4
3462.0	619.0 	4
1040.0	3437.0 	2
2695.0	1877.0 	4
3824.0	4973.0 	1
3161.0	4421.0 	1
4037.0	3643.0 	1
2038.0	1836.0 	3
4445.0	3859.0 	1
1362.0	3006.0 	2
2091.0	1575.0 	3
2534.0	2649.0 	1
2708.0	2426.0 	4
2338.0	1359.0 	3
45.0	1597.0 	3
2197.0	2105.0 	3
992.0	4370.0 	2
711.0	787.0 	3
997.0	2886.0 	2
819.0	1286.0 	3
3681.0	350.0 	4
1554.0	534.0 	3
3552.0	1340.0 	4
1713.0	3928.0 	2
2723.0	4079.0 	1
389.0	1101.0 	3
4463.0	2257.0 	4
2443.0	3678.0 	2
3397.0	2283.0 	4
2779.0	3963.0 	1
3035.0	1902.0 	4
1245.0	1106.0 	3
3793.0	620.0 	4
3206.0	3725.0 	1
3041.0	2369.0 	4
3114.0	3281.0 	1
3339.0	3993.0 	1
1786.0	3293.0 	2
4021.0	740.0 	4
3397.0	4119.0 	1
4242.0	3951.0 	1
2984.0	1472.0 	4
4702.0	3262.0 	1
3669.0	1933.0 	4
4225.0	4885.0 	1
3718.0	1694.0 	4
3420.0	2646.0 	1
2151.0	1124.0 	3
388.0	21.0 	3
2566.0	3025.0 	1
3190.0	218.0 	4
1298.0	412.0 	3
3785.0	4700.0 	1
1222.0	701.0 	3
3055.0	3512.0 	1
1559.0	1654.0 	3
3052.0	2123.0 	4
1280.0	632.0 	3
2913.0	139.0 	4
3709.0	3201.0 	1
2042.0	2988.0 	2
1689.0	3170.0 	2
2756.0	164.0 	4
2039.0	4552.0 	2
1562.0	1999.0 	3
2758.0	4922.0 	1
2164.0	3952.0 	2
1679.0	1780.0 	3
2306.0	4343.0 	2
3236.0	1355.0 	4
1177.0	2844.0 	2
4700.0	2602.0 	1
353.0	1780.0 	3
3471.0	1126.0 	4
462.0	2331.0 	3
3552.0	3093.0 	1
4992.0	4721.0 	1
2786.0	1873.0 	4
4428.0	4529.0 	1
4089.0	87.0 	4
4868.0	4655.0 	1
2241.0	4174.0 	2
20.0	834.0 	3
325.0	678.0 	3
436.0	3649.0 	2
2435.0	1095.0 	3
4142.0	3314.0 	1
2848.0	3314.0 	1
2153.0	4295.0 	2
527.0	3786.0 	2
4288.0	0.0 	4
4457.0	2561.0 	1
2860.0	4912.0 	1
1920.0	346.0 	3
0.0	304.0 	3
497.0	3084.0 	2
671.0	1584.0 	3
3772.0	1540.0 	4
2418.0	2949.0 	2
1958.0	1862.0 	3
1646.0	1687.0 	3
966.0	4844.0 	2
1093.0	2928.0 	2
3733.0	2733.0 	1
897.0	645.0 	3
3281.0	1126.0 	4
1964.0	4114.0 	2
272.0	4291.0 	2
34.0	386.0 	3
4383.0	4516.0 	1
3810.0	478.0 	4
4868.0	4776.0 	1
371.0	750.0 	3
2399.0	4129.0 	2
1310.0	1474.0 	3
2940.0	1893.0 	4
2936.0	4206.0 	1
179.0	3060.0 	2
493.0	3163.0 	2
3682.0	3393.0 	1
4010.0	2881.0 	1
4891.0	737.0 	4
2570.0	4402.0 	1
4560.0	1083.0 	4
4059.0	248.0 	4
844.0	153.0 	3
3809.0	703.0 	4
3241.0	3059.0 	1
4609.0	3536.0 	1
1378.0	2947.0 	2
1317.0	7.0 	3
3904.0	3388.0 	1
194.0	1375.0 	3
240.0	4982.0 	2
3190.0	1103.0 	4
185.0	230.0 	3
2091.0	4907.0 	2
564.0	435.0 	3
3857.0	1511.0 	4
1080.0	2800.0 	2
3143.0	346.0 	4
1388.0	4419.0 	2
1546.0	3579.0 	2
140.0	589.0 	3
4267.0	3620.0 	1
2320.0	2941.0 	2
4353.0	3047.0 	1
4966.0	4642.0 	1
1396.0	765.0 	3
4367.0	2621.0 	1
1307.0	1665.0 	3
4311.0	2885.0 	1
4503.0	1012.0 	4
4703.0	3648.0 	1
1648.0	1880.0 	3
1072.0	1555.0 	3
564.0	2713.0 	2
3397.0	2032.0 	4
713.0	4219.0 	2
2734.0	3598.0 	1
2225.0	4086.0 	2
465.0	1471.0 	3
799.0	290.0 	3
1556.0	2114.0 	3
4334.0	4336.0 	1
703.0	2370.0 	3
1268.0	1735.0 	3
2000.0	2507.0 	3
2778.0	2013.0 	4
1007.0	642.0 	3
387.0	2740.0 	2
2938.0	2071.0 	4
4859.0	1646.0 	4
3805.0	3938.0 	1
709.0	3326.0 	2
952.0	4718.0 	2
4866.0	2846.0 	1
4117.0	1802.0 	4
3164.0	1007.0 	4
2855.0	2610.0 	1
1236.0	4103.0 	2
3233.0	1666.0 	4
3527.0	1585.0 	4
785.0	4422.0 	2
2292.0	3811.0 	2
2551.0	2775.0 	1
3905.0	748.0 	4
1657.0	2637.0 	2
2575.0	3225.0 	1
4240.0	4841.0 	1
2359.0	2937.0 	2
3510.0	4838.0 	1
230.0	1367.0 	3
4595.0	4910.0 	1
563.0	4128.0 	2
1151.0	2545.0 	2
3991.0	1601.0 	4
1309.0	4500.0 	2
65.0	359.0 	3
2557.0	389.0 	4
1089.0	3008.0 	2
4542.0	1017.0 	4
128.0	282.0 	3
4047.0	3251.0 	1
4500.0	3248.0 	1
4063.0	577.0 	4
2645.0	3237.0 	1
3414.0	4208.0 	1
951.0	694.0 	3
1242.0	1195.0 	3
4737.0	838.0 	4
3821.0	1172.0 	4
3942.0	3553.0 	1
3736.0	4962.0 	1
2452.0	717.0 	4
2508.0	4798.0 	2
427.0	1057.0 	3
3132.0	1457.0 	4
4098.0	3033.0 	1
3792.0	1545.0 	4
4763.0	3721.0 	1
3480.0	1670.0 	4
3197.0	2234.0 	4
4757.0	1953.0 	4
339.0	903.0 	3
4265.0	113.0 	4
3640.0	1010.0 	4
4692.0	1960.0 	4
198.0	3782.0 	2
3712.0	3941.0 	1
2015.0	2719.0 	2
4034.0	3599.0 	1
1627.0	2575.0 	2
2987.0	3796.0 	1
1521.0	902.0 	3
3468.0	3463.0 	1
1287.0	4791.0 	2
59.0	775.0 	3
628.0	645.0 	3
2137.0	2906.0 	2
4267.0	3818.0 	1
2116.0	4422.0 	2
105.0	3947.0 	2
20.0	4414.0 	2
3223.0	3381.0 	1
4540.0	2907.0 	1
1811.0	2060.0 	3
4496.0	4727.0 	1
2892.0	2312.0 	4
1391.0	190.0 	3
4792.0	1592.0 	4
972.0	2394.0 	3
2149.0	1308.0 	3
125.0	717.0 	3
2720.0	53.0 	4
744.0	1323.0 	3
1323.0	1891.0 	3
2462.0	4702.0 	2
1157.0	1290.0 	3
3593.0	4536.0 	1
459.0	1624.0 	3
3542.0	474.0 	4
3104.0	4464.0 	1
1217.0	1774.0 	3
313.0	3905.0 	2
1345.0	2924.0 	2
2363.0	4747.0 	2
1354.0	3671.0 	2
781.0	2439.0 	3
4082.0	2942.0 	1
2313.0	351.0 	3
345.0	4533.0 	2
265.0	445.0 	3
36.0	4970.0 	2
707.0	2297.0 	3
643.0	2835.0 	2
4595.0	3257.0 	1
1004.0	883.0 	3
4691.0	4254.0 	1
3348.0	188.0 	4
4045.0	4599.0 	1
3911.0	456.0 	4
1447.0	2519.0 	3
2300.0	2626.0 	2
3306.0	0.0 	4
1128.0	3419.0 	2
2036.0	635.0 	3
4893.0	1587.0 	4
3262.0	4978.0 	1
2485.0	3183.0 	2
3041.0	4183.0 	1
759.0	2308.0 	3
2337.0	4817.0 	2
2866.0	4591.0 	1
802.0	2675.0 	2
636.0	4221.0 	2
4132.0	3027.0 	1
1454.0	4710.0 	2
1448.0	1267.0 	3
2364.0	3180.0 	2
2851.0	4860.0 	1
2051.0	3882.0 	2
1436.0	2774.0 	2
3583.0	1710.0 	4
3020.0	967.0 	4
3703.0	2184.0 	4
322.0	3411.0 	2
1130.0	2349.0 	3
193.0	4754.0 	2
4906.0	3628.0 	1
1549.0	2579.0 	2
4212.0	4170.0 	1
486.0	3242.0 	2
4345.0	2326.0 	4
4549.0	2062.0 	4
4968.0	4313.0 	1
922.0	161.0 	3
4498.0	4636.0 	1
4370.0	4040.0 	1
3642.0	1679.0 	4
4196.0	3117.0 	1
3368.0	1516.0 	4
3047.0	3774.0 	1
3588.0	1484.0 	4
721.0	3366.0 	2
2839.0	739.0 	4
1077.0	1194.0 	3
3845.0	3965.0 	1
4160.0	1921.0 	4
1054.0	2069.0 	3
2334.0	4663.0 	2
3328.0	1261.0 	4
1801.0	850.0 	3
477.0	3200.0 	2
4841.0	1052.0 	4
646.0	1475.0 	3
3667.0	3841.0 	1
2232.0	2910.0 	2
2554.0	4214.0 	1
966.0	2827.0 	2
2449.0	473.0 	4
1505.0	4478.0 	2
801.0	1671.0 	3
4620.0	3814.0 	1
1647.0	3167.0 	2
3.0	3517.0 	2
1930.0	4626.0 	2
1321.0	188.0 	3
1425.0	412.0 	3
4888.0	202.0 	4
2302.0	3501.0 	2
2571.0	1897.0 	4
164.0	85.0 	3
5.0	1469.0 	3
4469.0	3278.0 	1
1814.0	496.0 	3
355.0	2936.0 	2
4998.0	3996.0 	1
1811.0	4850.0 	2
1405.0	110.0 	3
4169.0	3719.0 	1
3533.0	134.0 	4
4805.0	3137.0 	1
3316.0	447.0 	4
2062.0	154.0 	3
3436.0	2117.0 	4
899.0	1618.0 	3
2434.0	4514.0 	2
4844.0	4088.0 	1
3957.0	3017.0 	1
2621.0	4827.0 	1
2035.0	3520.0 	2
1406.0	1954.0 	3
1104.0	3763.0 	2
285.0	132.0 	3
1015.0	2587.0 	2
899.0	126.0 	3
3748.0	1312.0 	4
1586.0	1622.0 	3
3056.0	2360.0 	4
462.0	3240.0 	2
4487.0	478.0 	4
40.0	3214.0 	2
3422.0	1744.0 	4
4157.0	4190.0 	1
532.0	2707.0 	2
1065.0	3356.0 	2
1371.0	3772.0 	2
2862.0	4185.0 	1
4142.0	876.0 	4
4289.0	1761.0 	4
2273.0	1702.0 	3
3885.0	816.0 	4
2511.0	2374.0 	4
3467.0	12.0 	4
1026.0	3093.0 	2
959.0	3825.0 	2
339.0	594.0 	3
1995.0	345.0 	3
2209.0	3654.0 	2
408.0	710.0 	3
526.0	580.0 	3
2277.0	994.0 	3
4417.0	1122.0 	4
794.0	559.0 	3
2142.0	1684.0 	3
1940.0	2271.0 	3
4906.0	3352.0 	1
4469.0	939.0 	4
4182.0	4786.0 	1
2245.0	3751.0 	2
4082.0	3057.0 	1
3047.0	4301.0 	1
872.0	1947.0 	3
4192.0	3195.0 	1
4260.0	1716.0 	4
482.0	3020.0 	2
4845.0	1129.0 	4
1513.0	49.0 	3
4716.0	1612.0 	4
1195.0	2790.0 	2
1338.0	1422.0 	3
3570.0	394.0 	4
1348.0	4703.0 	2
1509.0	3362.0 	2
4717.0	4032.0 	1
25.0	2140.0 	3
46.0	4023.0 	2
1961.0	1507.0 	3
602.0	922.0 	3
1349.0	2957.0 	2
4316.0	4322.0 	1
3066.0	4031.0 	1
1950.0	561.0 	3
200.0	2193.0 	3
80.0	2547.0 	3
1441.0	4847.0 	2
1196.0	260.0 	3
4164.0	4667.0 	1
1814.0	127.0 	3
1235.0	790.0 	3
883.0	2357.0 	3
2848.0	1544.0 	4
1878.0	3352.0 	2
427.0	3607.0 	2
2570.0	3548.0 	1
1797.0	4146.0 	2
666.0	1240.0 	3
4183.0	1875.0 	4
2920.0	4626.0 	1
2004.0	911.0 	3
1596.0	1483.0 	3
2317.0	3712.0 	2
3856.0	2441.0 	4
4723.0	1850.0 	4
4928.0	2237.0 	4
628.0	282.0 	3
1320.0	3267.0 	2
4362.0	1106.0 	4
1429.0	3226.0 	2
4287.0	670.0 	4
4571.0	2852.0 	1
4536.0	4349.0 	1
4024.0	3137.0 	1
1444.0	1079.0 	3
579.0	1562.0 	3
50.0	3685.0 	2
27.0	2156.0 	3
2093.0	2886.0 	2
1922.0	4811.0 	2
1352.0	2859.0 	2
2959.0	4747.0 	1
2877.0	680.0 	4
839.0	1695.0 	3
3154.0	1895.0 	4
3102.0	642.0 	4
905.0	4003.0 	2
1738.0	1672.0 	3
1272.0	4913.0 	2
3201.0	4491.0 	1
2463.0	4440.0 	2
276.0	2299.0 	3
3119.0	2652.0 	1
4742.0	2208.0 	4
4572.0	4044.0 	1
1085.0	4843.0 	2
683.0	3333.0 	2
223.0	4050.0 	2
1054.0	4968.0 	2
4575.0	116.0 	4
2203.0	1825.0 	3
4929.0	3670.0 	1
3567.0	4437.0 	1
2817.0	3148.0 	1
66.0	4870.0 	2
888.0	4217.0 	2
267.0	2924.0 	2
143.0	1973.0 	3
3812.0	3565.0 	1
2392.0	1422.0 	3
1565.0	3041.0 	2
1985.0	37.0 	3
836.0	1904.0 	3
3634.0	1399.0 	4
923.0	1275.0 	3
640.0	1613.0 	3
3179.0	1511.0 	4
3164.0	3185.0 	1
2147.0	1298.0 	3
1729.0	4593.0 	2
290.0	2433.0 	3
2217.0	1727.0 	3
2426.0	1177.0 	3
4608.0	2351.0 	4
2156.0	3000.0 	2
4469.0	4586.0 	1
1207.0	3024.0 	2
3902.0	2065.0 	4
2299.0	1838.0 	3
4233.0	4083.0 	1
835.0	3758.0 	2
2065.0	1558.0 	3
497.0	4779.0 	2
3766.0	3151.0 	1
519.0	143.0 	3
1014.0	50.0 	3
3962.0	3684.0 	1
808.0	4224.0 	2
2501.0	1637.0 	4
4953.0	185.0 	4
116.0	1431.0 	3
2348.0	4792.0 	2
361.0	4517.0 	2
706.0	1246.0 	3
2264.0	35.0 	3
3223.0	2467.0 	4
193.0	3163.0 	2
1128.0	133.0 	3
3718.0	4367.0 	1
1534.0	1502.0 	3
2882.0	1841.0 	4
1612.0	2579.0 	2
68.0	2568.0 	3
4353.0	4908.0 	1
1541.0	4048.0 	2
3990.0	3610.0 	1
1151.0	1357.0 	3
4748.0	2117.0 	4
985.0	3200.0 	2
4114.0	2923.0 	1
2071.0	288.0 	3
2636.0	995.0 	4
212.0	1413.0 	3
1005.0	4425.0 	2
4727.0	1906.0 	4
1740.0	1150.0 	3
1424.0	1657.0 	3
3110.0	1927.0 	4
3256.0	3658.0 	1
4080.0	1713.0 	4
492.0	3185.0 	2
4349.0	1419.0 	4
3932.0	1111.0 	4
227.0	3528.0 	2
1909.0	4935.0 	2
1038.0	3496.0 	2
4980.0	106.0 	4
2309.0	3139.0 	2
769.0	3515.0 	2
383.0	4717.0 	2
3594.0	1222.0 	4
3333.0	1016.0 	4
3743.0	1378.0 	4
541.0	2217.0 	3
162.0	2305.0 	3
2951.0	3966.0 	1
327.0	86.0 	3
3714.0	2678.0 	1
201.0	249.0 	3
4582.0	3345.0 	1
2840.0	3580.0 	1
4183.0	455.0 	4
2214.0	858.0 	3
168.0	1804.0 	3
1360.0	1016.0 	3
1424.0	1323.0 	3
4764.0	1114.0 	4
1740.0	2331.0 	3
2552.0	625.0 	4
4377.0	2726.0 	1
2919.0	1562.0 	4
4280.0	2873.0 	1
3328.0	3330.0 	1
1400.0	76.0 	3
1084.0	480.0 	3
4764.0	4334.0 	1
473.0	4667.0 	2
397.0	613.0 	3
566.0	1187.0 	3
3892.0	4442.0 	1
2043.0	2619.0 	2
808.0	1396.0 	3
3824.0	1314.0 	4
3525.0	4204.0 	1
524.0	3249.0 	2
2548.0	1232.0 	4
850.0	1952.0 	3
369.0	3484.0 	2
2720.0	1087.0 	4
3257.0	3715.0 	1
1376.0	4991.0 	2
1621.0	2291.0 	3
4371.0	3046.0 	1
1088.0	4690.0 	2
1663.0	476.0 	3
1897.0	3541.0 	2
3219.0	836.0 	4
1061.0	3814.0 	2
1672.0	3965.0 	2
3482.0	2641.0 	1
2826.0	242.0 	4
3985.0	309.0 	4
3194.0	687.0 	4
4845.0	3158.0 	1
3398.0	1485.0 	4
770.0	810.0 	3
1310.0	3829.0 	2
121.0	3680.0 	2
1322.0	4014.0 	2
4369.0	209.0 	4
3601.0	690.0 	4
3275.0	588.0 	4
2417.0	2188.0 	3
533.0	887.0 	3
246.0	3827.0 	2
1145.0	3858.0 	2
1300.0	4468.0 	2
2095.0	3961.0 	2
1214.0	4781.0 	2
849.0	4518.0 	2
318.0	1758.0 	3
563.0	2848.0 	2
712.0	4890.0 	2
4899.0	2103.0 	4
521.0	1429.0 	3
2013.0	291.0 	3
3624.0	2468.0 	4
4419.0	2544.0 	1
1191.0	3853.0 	2
3133.0	1546.0 	4
3832.0	2936.0 	1
2322.0	1732.0 	3
2656.0	831.0 	4
813.0	4431.0 	2
1142.0	4926.0 	2
360.0	3367.0 	2
1745.0	1647.0 	3
3458.0	1616.0 	4
1180.0	1920.0 	3
659.0	204.0 	3
1672.0	312.0 	3
4458.0	3710.0 	1
2953.0	4421.0 	1
1366.0	1136.0 	3
4251.0	1807.0 	4
3720.0	2591.0 	1
2394.0	1766.0 	3
490.0	873.0 	3
1326.0	2233.0 	3
2632.0	3048.0 	1
3583.0	4377.0 	1
620.0	2527.0 	3
4202.0	1509.0 	4
37.0	143.0 	3
741.0	4921.0 	2
655.0	3872.0 	2
978.0	1866.0 	3
3719.0	4469.0 	1
790.0	4991.0 	2
1269.0	4174.0 	2
1356.0	1928.0 	3
1556.0	4335.0 	2
71.0	4533.0 	2
3081.0	1694.0 	4
1674.0	674.0 	3
3863.0	4339.0 	1
2162.0	2994.0 	2
3425.0	4952.0 	1
2992.0	4885.0 	1
503.0	506.0 	3
1617.0	2072.0 	3
3821.0	1265.0 	4
1093.0	1638.0 	3
2319.0	2907.0 	2
834.0	762.0 	3
4124.0	4813.0 	1
147.0	2570.0 	3
7.0	898.0 	3
52.0	4389.0 	2
494.0	4958.0 	2
2332.0	2726.0 	2
4851.0	131.0 	4
2113.0	2525.0 	2
51.0	747.0 	3
1779.0	4984.0 	2
3780.0	3607.0 	1
1096.0	2568.0 	2
3518.0	1170.0 	4
2870.0	1142.0 	4
3527.0	2337.0 	4
2016.0	558.0 	3
3469.0	729.0 	4
1826.0	3040.0 	2
2751.0	3652.0 	1
244.0	3247.0 	2
3947.0	2663.0 	1
1777.0	581.0 	3
2339.0	1966.0 	3
3407.0	2969.0 	1
2840.0	3826.0 	1
3851.0	4519.0 	1
3265.0	3854.0 	1
743.0	4641.0 	2
4894.0	2737.0 	1
572.0	1347.0 	3
196.0	3399.0 	2
2501.0	1364.0 	4
3921.0	4655.0 	1
1102.0	173.0 	3
1066.0	3224.0 	2
204.0	1892.0 	3
4526.0	4655.0 	1
4028.0	1429.0 	4
3004.0	2553.0 	1
1615.0	1517.0 	3
3960.0	1356.0 	4
3255.0	797.0 	4
4186.0	431.0 	4
4358.0	1953.0 	4
4965.0	2400.0 	4
1833.0	2933.0 	2
2221.0	4777.0 	2
1859.0	4443.0 	2
1273.0	3763.0 	2
4802.0	366.0 	4
4546.0	4009.0 	1
967.0	3923.0 	2
4670.0	4637.0 	1
3825.0	2781.0 	1
2764.0	185.0 	4
3571.0	4365.0 	1
1269.0	839.0 	3
186.0	2708.0 	2
3013.0	4193.0 	1
970.0	4684.0 	2
2712.0	816.0 	4
3293.0	4317.0 	1
3479.0	2874.0 	1
559.0	4902.0 	2
1328.0	2807.0 	2
453.0	3673.0 	2
617.0	2114.0 	3
4761.0	563.0 	4
1212.0	1237.0 	3
3205.0	3683.0 	1
4485.0	1104.0 	4
1956.0	1084.0 	3
3051.0	3951.0 	1
4264.0	1425.0 	4
1761.0	1248.0 	3
2279.0	1793.0 	3
3974.0	2482.0 	4
3997.0	3748.0 	1
431.0	2451.0 	3
1286.0	3582.0 	2
1122.0	3490.0 	2
2781.0	4355.0 	1
3961.0	928.0 	4
3486.0	3177.0 	1
1074.0	4967.0 	2
27.0	116.0 	3
878.0	3657.0 	2
2352.0	2954.0 	2
2031.0	2066.0 	3
786.0	264.0 	3
482.0	703.0 	3
4025.0	1671.0 	4
4446.0	3064.0 	1
3764.0	1437.0 	4
2802.0	4124.0 	1
3922.0	3229.0 	1
2584.0	3855.0 	1
1326.0	2571.0 	2
3753.0	1435.0 	4
3896.0	1351.0 	4
2995.0	2938.0 	1
64.0	2293.0 	3
3381.0	2328.0 	4
1348.0	4271.0 	2
1678.0	2889.0 	2
1769.0	4945.0 	2
4754.0	1330.0 	4
1580.0	1586.0 	3
22.0	1384.0 	3
2422.0	3651.0 	2
1022.0	2063.0 	3
710.0	939.0 	3
3257.0	2353.0 	4
4794.0	4843.0 	1
2946.0	3972.0 	1
2237.0	4755.0 	2
4671.0	3206.0 	1
1743.0	2966.0 	2
2678.0	1263.0 	4
1096.0	4046.0 	2
2747.0	916.0 	4
656.0	2943.0 	2
3723.0	1608.0 	4
2391.0	2292.0 	3
2711.0	4838.0 	1
3035.0	3071.0 	1
800.0	3470.0 	2
2788.0	1182.0 	4
2813.0	3284.0 	1
3807.0	954.0 	4
1495.0	715.0 	3
3481.0	362.0 	4
4276.0	4621.0 	1
220.0	4776.0 	2
516.0	3615.0 	2
4878.0	4807.0 	1
4203.0	3351.0 	1
1893.0	3584.0 	2
2028.0	1931.0 	3
4669.0	2152.0 	4
1049.0	4144.0 	2
979.0	3504.0 	2
1773.0	4032.0 	2
1672.0	1254.0 	3
3582.0	3692.0 	1
4487.0	3989.0 	1
2717.0	2456.0 	4
2076.0	2321.0 	3
1556.0	4533.0 	2
508.0	4406.0 	2
1846.0	1171.0 	3
3664.0	637.0 	4
2047.0	683.0 	3
2755.0	3062.0 	1
1462.0	2744.0 	2
2541.0	1676.0 	4
17.0	852.0 	3
1272.0	4802.0 	2
464.0	4804.0 	2
3187.0	4246.0 	1
852.0	1431.0 	3
4824.0	1870.0 	4
3825.0	4057.0 	1
3068.0	799.0 	4
3814.0	4490.0 	1
4237.0	1848.0 	4
749.0	2135.0 	3
4427.0	3924.0 	1
2823.0	4870.0 	1
2070.0	2036.0 	3
4138.0	1796.0 	4
2325.0	782.0 	3
4570.0	1723.0 	4
1960.0	2401.0 	3
3907.0	1570.0 	4
4113.0	1737.0 	4
1264.0	1143.0 	3
2189.0	1731.0 	3
553.0	1288.0 	3
3227.0	1758.0 	4
1182.0	4977.0 	2
1236.0	926.0 	3
3091.0	1750.0 	4
2807.0	849.0 	4
3586.0	725.0 	4
2263.0	4238.0 	2
4553.0	3642.0 	1
1318.0	957.0 	3
3145.0	4968.0 	1
3587.0	795.0 	4
4222.0	4711.0 	1
3400.0	3195.0 	1
3731.0	692.0 	4
561.0	1109.0 	3
4224.0	3712.0 	1
1131.0	2166.0 	3
4040.0	2050.0 	4
237.0	1743.0 	3
886.0	4951.0 	2
2464.0	414.0 	4
3871.0	4692.0 	1
1185.0	3436.0 	2
1966.0	325.0 	3
4857.0	1610.0 	4
801.0	4740.0 	2
4892.0	3527.0 	1
1929.0	3657.0 	2
4653.0	1186.0 	4
2018.0	681.0 	3
4171.0	2784.0 	1
1188.0	403.0 	3
774.0	1808.0 	3
1113.0	2610.0 	2
2272.0	4988.0 	2
1032.0	590.0 	3
4191.0	4112.0 	1
8.0	1170.0 	3
3092.0	3983.0 	1
6.0	202.0 	3
3886.0	3258.0 	1
1424.0	1481.0 	3
1624.0	97.0 	3
4695.0	4844.0 	1
4801.0	1572.0 	4
1267.0	1825.0 	3
3589.0	2376.0 	4
2219.0	4880.0 	2
968.0	1538.0 	3
3754.0	4834.0 	1
966.0	558.0 	3
403.0	2146.0 	3
2908.0	261.0 	4
3803.0	4061.0 	1
2664.0	2487.0 	4
4889.0	4738.0 	1
1961.0	2126.0 	3
67.0	2123.0 	3
1745.0	1856.0 	3
854.0	1006.0 	3
4513.0	1704.0 	4
2133.0	3179.0 	2
4901.0	1120.0 	4
4075.0	4971.0 	1
473.0	3482.0 	2
3982.0	1266.0 	4
628.0	1898.0 	3
3395.0	221.0 	4
112.0	296.0 	3
1048.0	2719.0 	2
3332.0	970.0 	4
1949.0	1468.0 	3
3809.0	2586.0 	1
4949.0	4756.0 	1
419.0	3916.0 	2
2608.0	4322.0 	1
542.0	1381.0 	3
128.0	980.0 	3
4340.0	86.0 	4
3261.0	4943.0 	1
3545.0	2891.0 	1
2243.0	4166.0 	2
2441.0	3286.0 	2
562.0	4488.0 	2
4722.0	3518.0 	1
2352.0	2652.0 	2
225.0	3221.0 	2
3595.0	529.0 	4
2910.0	2591.0 	1
3556.0	322.0 	4
3835.0	787.0 	4
4603.0	4674.0 	1
2296.0	2783.0 	2
4710.0	2478.0 	1
4217.0	2792.0 	1
16.0	1356.0 	3
372.0	3611.0 	2
4865.0	2970.0 	1
1898.0	1896.0 	3
3443.0	3122.0 	1
3539.0	2144.0 	4
785.0	4905.0 	2
2670.0	1224.0 	4
2018.0	2710.0 	2
2799.0	1429.0 	4
1921.0	2112.0 	3
371.0	2249.0 	3
3057.0	1453.0 	4
947.0	3854.0 	2
3885.0	1306.0 	4
1414.0	2385.0 	3
930.0	2250.0 	3
362.0	4753.0 	2
4463.0	140.0 	4
4462.0	2921.0 	1
4950.0	1838.0 	4
1855.0	2255.0 	3
1295.0	3676.0 	2
4638.0	3703.0 	1
820.0	1324.0 	3
2506.0	1851.0 	4
2824.0	1244.0 	4
4270.0	2450.0 	4
4486.0	1069.0 	4
213.0	1658.0 	3
1875.0	4097.0 	2
241.0	1615.0 	3
2245.0	119.0 	3
1864.0	2436.0 	3
3732.0	610.0 	4
668.0	2187.0 	3
2231.0	4485.0 	2
4916.0	3150.0 	1
3391.0	4492.0 	1
1794.0	4488.0 	2
1257.0	3293.0 	2
3823.0	4668.0 	1
2357.0	4761.0 	2
4918.0	3427.0 	1
3015.0	3167.0 	1
2563.0	690.0 	4
1125.0	1890.0 	3
4124.0	3334.0 	1
4218.0	4905.0 	1
4496.0	4816.0 	1
1175.0	3748.0 	2
138.0	2967.0 	2
2323.0	3248.0 	2
2167.0	3568.0 	2
2292.0	4140.0 	2
1329.0	527.0 	3
2950.0	237.0 	4
4104.0	2076.0 	4
4135.0	1456.0 	4
4642.0	1754.0 	4
2902.0	4821.0 	1
4075.0	4348.0 	1
1453.0	2421.0 	3
2120.0	4306.0 	2
3372.0	2615.0 	1
4151.0	4270.0 	1
1388.0	1160.0 	3
235.0	4844.0 	2
4454.0	2535.0 	1
3463.0	1106.0 	4
3350.0	568.0 	4
1966.0	4584.0 	2
1681.0	3660.0 	2
2122.0	3794.0 	2
1766.0	3512.0 	2
347.0	2345.0 	3
2272.0	1720.0 	3
447.0	717.0 	3
2536.0	1138.0 	4
1320.0	4571.0 	2
3053.0	4361.0 	1
1370.0	1312.0 	3
1602.0	973.0 	3
2045.0	4039.0 	2
576.0	4370.0 	2
4490.0	560.0 	4
2017.0	2006.0 	3
3155.0	1477.0 	4
3057.0	4.0 	4
1434.0	3566.0 	2
4992.0	4656.0 	1
3642.0	4118.0 	1
278.0	3913.0 	2
795.0	4540.0 	2
1434.0	2023.0 	3
2177.0	4275.0 	2
4791.0	506.0 	4
4893.0	995.0 	4
3945.0	3550.0 	1
4239.0	2357.0 	4
2784.0	1123.0 	4
411.0	230.0 	3
3350.0	3705.0 	1
477.0	2868.0 	2
1550.0	2389.0 	3
4928.0	573.0 	4
3908.0	3208.0 	1
2241.0	1826.0 	3
3277.0	2605.0 	1
95.0	263.0 	3
1778.0	2570.0 	2
3409.0	3266.0 	1
3368.0	2623.0 	1
3460.0	1281.0 	4
3299.0	2262.0 	4
1082.0	801.0 	3
2958.0	4094.0 	1
2616.0	357.0 	4
3867.0	4912.0 	1
663.0	1140.0 	3
1930.0	1777.0 	3
2712.0	2717.0 	1
3651.0	4926.0 	1
4411.0	459.0 	4
2202.0	234.0 	3
347.0	2905.0 	2
4981.0	3438.0 	1
1313.0	3769.0 	2
1975.0	3575.0 	2
149.0	1606.0 	3
3370.0	11.0 	4
4756.0	1714.0 	4
215.0	4872.0 	2
3126.0	653.0 	4
776.0	1544.0 	3
51.0	1878.0 	3
4346.0	2114.0 	4
4023.0	4279.0 	1
4727.0	3327.0 	1
906.0	3548.0 	2
2743.0	2889.0 	1
2024.0	1318.0 	3
4981.0	227.0 	4
3058.0	2049.0 	4
2689.0	3028.0 	1
508.0	513.0 	3
3351.0	1518.0 	4
182.0	3510.0 	2
2107.0	289.0 	3
4983.0	4882.0 	1
2602.0	3882.0 	1
3506.0	2998.0 	1
2467.0	3145.0 	2
360.0	3704.0 	2
1622.0	2924.0 	2
1781.0	4745.0 	2
27.0	1226.0 	3
249.0	2319.0 	3
1575.0	1789.0 	3
308.0	4222.0 	2
1580.0	1755.0 	3
993.0	4134.0 	2
4384.0	3324.0 	1
649.0	4096.0 	2
4958.0	3034.0 	1
3235.0	1313.0 	4
4268.0	2875.0 	1
2581.0	2604.0 	1
4298.0	328.0 	4
3949.0	803.0 	4
2335.0	1096.0 	3
4891.0	78.0 	4
4297.0	4733.0 	1
2021.0	1620.0 	3
2363.0	3878.0 	2
313.0	3361.0 	2
4533.0	3176.0 	1
2964.0	4347.0 	1
928.0	738.0 	3
575.0	3126.0 	2
3458.0	1081.0 	4
2216.0	2220.0 	3
3918.0	2540.0 	1
848.0	2542.0 	3
131.0	259.0 	3
2124.0	2265.0 	3
657.0	4662.0 	2
3498.0	2780.0 	1
3045.0	4333.0 	1
356.0	383.0 	3
4404.0	124.0 	4
4319.0	249.0 	4
2541.0	2028.0 	4
4211.0	3560.0 	1
1572.0	2759.0 	2
885.0	961.0 	3
1786.0	3655.0 	2
2054.0	477.0 	3
1897.0	4222.0 	2
2821.0	4432.0 	1
2971.0	4049.0 	1
1173.0	107.0 	3
1613.0	946.0 	3
2881.0	4301.0 	1
1628.0	3601.0 	2
924.0	3260.0 	2
3435.0	1118.0 	4
2640.0	130.0 	4
4441.0	3463.0 	1
926.0	2627.0 	2
4688.0	2793.0 	1
4342.0	4118.0 	1
4949.0	954.0 	4
4151.0	847.0 	4
2540.0	3504.0 	1
1313.0	4329.0 	2
3084.0	234.0 	4
3175.0	4131.0 	1
127.0	783.0 	3
1969.0	115.0 	3
1115.0	4376.0 	2
198.0	409.0 	3
496.0	3332.0 	2
2438.0	2253.0 	3
3411.0	3093.0 	1
668.0	4195.0 	2
3409.0	3279.0 	1
2329.0	2373.0 	3
3816.0	3260.0 	1
1646.0	1243.0 	3
4530.0	4241.0 	1
1351.0	229.0 	3
3153.0	675.0 	4
2616.0	3368.0 	1
4342.0	2446.0 	4
37.0	2453.0 	3
1371.0	1574.0 	3
9.0	2759.0 	2
2496.0	2283.0 	4
1392.0	3924.0 	2
3806.0	2421.0 	4
1809.0	1467.0 	3
4140.0	4538.0 	1
832.0	1757.0 	3
914.0	671.0 	3
228.0	3189.0 	2
1105.0	2079.0 	3
5.0	3982.0 	2
1187.0	2058.0 	3
573.0	224.0 	3
1082.0	3857.0 	2
4887.0	2975.0 	1
255.0	3621.0 	2
2407.0	4506.0 	2
4538.0	4670.0 	1
698.0	2428.0 	3
3516.0	4784.0 	1
4551.0	4196.0 	1
3916.0	4888.0 	1
4338.0	964.0 	4
236.0	3770.0 	2
3847.0	3729.0 	1
3855.0	2342.0 	4
4081.0	1213.0 	4
1735.0	1609.0 	3
3252.0	4190.0 	1
4256.0	3992.0 	1
1700.0	2077.0 	3
3166.0	2047.0 	4
3499.0	4310.0 	1
2080.0	2590.0 	2
1674.0	762.0 	3
4705.0	1539.0 	4
3350.0	1797.0 	4
1051.0	2397.0 	3
4248.0	4922.0 	1
2522.0	3889.0 	1
1085.0	3569.0 	2
1600.0	3772.0 	2
4946.0	4092.0 	1
2448.0	3327.0 	2
4975.0	543.0 	4
3702.0	1086.0 	4
4289.0	896.0 	4
2990.0	1362.0 	4
1228.0	2858.0 	2
4662.0	4090.0 	1
4495.0	4026.0 	1
1625.0	3546.0 	2
3152.0	266.0 	4
3650.0	2639.0 	1
153.0	1476.0 	3
3699.0	3848.0 	1
4739.0	4918.0 	1
3818.0	522.0 	4
549.0	2874.0 	2
4934.0	1807.0 	4
4792.0	3070.0 	1
2853.0	3789.0 	1
4611.0	1280.0 	4
4837.0	2694.0 	1
1066.0	3546.0 	2
1564.0	157.0 	3
4615.0	2072.0 	4
2315.0	2004.0 	3
519.0	2339.0 	3
3151.0	2841.0 	1
613.0	4651.0 	2
1022.0	3001.0 	2
2296.0	4156.0 	2
3000.0	3479.0 	1
4963.0	4771.0 	1
3719.0	2642.0 	1
3988.0	2044.0 	4
4548.0	1552.0 	4
4923.0	3534.0 	1
3717.0	4456.0 	1
656.0	3960.0 	2
3095.0	2699.0 	1
28.0	3234.0 	2
1412.0	4849.0 	2
4553.0	2390.0 	4
1211.0	3263.0 	2
3467.0	890.0 	4
2031.0	2020.0 	3
4757.0	4578.0 	1
3895.0	3842.0 	1
668.0	2579.0 	2
4805.0	103.0 	4
1991.0	962.0 	3
1626.0	62.0 	3
2973.0	2930.0 	1
4281.0	4709.0 	1
3005.0	1450.0 	4
532.0	4435.0 	2
848.0	4543.0 	2
1338.0	2649.0 	2
4432.0	3847.0 	1
3187.0	2882.0 	1
2028.0	2105.0 	3
390.0	3227.0 	2
4250.0	3912.0 	1
4702.0	2336.0 	4
1575.0	3441.0 	2
1134.0	1540.0 	3
1291.0	2907.0 	2
484.0	4029.0 	2
4937.0	2308.0 	4
2802.0	1040.0 	4
4457.0	532.0 	4
507.0	128.0 	3
3787.0	75.0 	4
664.0	468.0 	3
4555.0	2964.0 	1
2671.0	540.0 	4
3373.0	393.0 	4
4791.0	1303.0 	4
1916.0	4429.0 	2
1064.0	3990.0 	2
103.0	3882.0 	2
224.0	686.0 	3
4859.0	792.0 	4
2709.0	3428.0 	1
3161.0	1049.0 	4
2088.0	503.0 	3
3153.0	2172.0 	4
2156.0	676.0 	3
2698.0	4384.0 	1
1066.0	3871.0 	2
3969.0	3092.0 	1
589.0	4117.0 	2
4610.0	2157.0 	4
1879.0	4419.0 	2
3292.0	2239.0 	4
3526.0	1361.0 	4
15.0	673.0 	3
1198.0	3683.0 	2
3257.0	1703.0 	4
2188.0	1441.0 	3
1610.0	598.0 	3
0.0	1473.0 	3
4.0	1641.0 	3
1901.0	937.0 	3
3886.0	3884.0 	1
2697.0	4328.0 	1
2924.0	4056.0 	1
4865.0	1626.0 	4
844.0	4458.0 	2
3535.0	4901.0 	1
1844.0	1411.0 	3
4239.0	3009.0 	1
2621.0	2496.0 	4
2153.0	1761.0 	3
4964.0	4006.0 	1
677.0	3065.0 	2
2155.0	1267.0 	3
1778.0	2574.0 	2
1886.0	3836.0 	2
115.0	407.0 	3
3940.0	2971.0 	1
72.0	2338.0 	3
4884.0	2782.0 	1
4825.0	4746.0 	1
3884.0	4217.0 	1
2406.0	3526.0 	2
4193.0	1717.0 	4
1830.0	1418.0 	3
4996.0	2365.0 	4
1599.0	2493.0 	3
1266.0	3364.0 	2
4393.0	1530.0 	4
2594.0	4844.0 	1
4717.0	4001.0 	1
3563.0	3571.0 	1
4411.0	349.0 	4
2026.0	3788.0 	2
2641.0	2044.0 	4
2426.0	1420.0 	3
982.0	4724.0 	2
1139.0	1078.0 	3
297.0	1321.0 	3
1148.0	3433.0 	2
1417.0	2202.0 	3
4986.0	3761.0 	1
2561.0	3710.0 	1
95.0	1825.0 	3
2865.0	1465.0 	4
587.0	2707.0 	2
1178.0	1379.0 	3
2414.0	25.0 	3
4513.0	339.0 	4
4257.0	3204.0 	1
1264.0	4106.0 	2
3897.0	1011.0 	4
1073.0	1514.0 	3
29.0	1437.0 	3
1314.0	4792.0 	2
2950.0	1886.0 	4
4266.0	2955.0 	1
3656.0	2595.0 	1
2533.0	2269.0 	4
4356.0	89.0 	4
4189.0	4037.0 	1
3836.0	2780.0 	1
2035.0	2798.0 	2
2331.0	2251.0 	3
4615.0	432.0 	4
1487.0	1428.0 	3
676.0	1909.0 	3
273.0	836.0 	3
4625.0	1816.0 	4
3523.0	4943.0 	1
1263.0	445.0 	3
3615.0	4542.0 	1
2877.0	346.0 	4
133.0	178.0 	3
4477.0	4078.0 	1
1952.0	4954.0 	2
1665.0	2762.0 	2
1843.0	1344.0 	3
2457.0	3996.0 	2
2924.0	3950.0 	1
3205.0	209.0 	4
1998.0	2999.0 	2
4386.0	55.0 	4
3977.0	3359.0 	1
4286.0	326.0 	4
264.0	1368.0 	3
2343.0	4193.0 	2
444.0	4665.0 	2
3165.0	4433.0 	1
88.0	626.0 	3
3300.0	2368.0 	4
4877.0	2814.0 	1
1314.0	3639.0 	2
4886.0	2623.0 	1
513.0	3430.0 	2
1325.0	110.0 	3
4872.0	4882.0 	1
2178.0	3781.0 	2
4052.0	2984.0 	1
4145.0	1103.0 	4
1374.0	1765.0 	3
101.0	3833.0 	2
3231.0	3889.0 	1
1080.0	2230.0 	3
2889.0	4041.0 	1
60.0	1912.0 	3
3890.0	4452.0 	1
1355.0	3604.0 	2
4503.0	2229.0 	4
2152.0	3119.0 	2
3565.0	2956.0 	1
4090.0	567.0 	4
3437.0	2899.0 	1
3171.0	1472.0 	4
3227.0	1351.0 	4
1649.0	2823.0 	2
3255.0	3457.0 	1
492.0	2259.0 	3
2761.0	2902.0 	1
4835.0	180.0 	4
4099.0	4803.0 	1
2129.0	61.0 	3
4246.0	328.0 	4
2775.0	2662.0 	1
1753.0	1404.0 	3
4435.0	2417.0 	4
2889.0	4083.0 	1
3299.0	2276.0 	4
4578.0	2686.0 	1
2992.0	3902.0 	1
4182.0	524.0 	4
3600.0	1407.0 	4
975.0	2504.0 	3
2601.0	4207.0 	1
2008.0	1627.0 	3
3263.0	2802.0 	1
4064.0	4693.0 	1
1061.0	2833.0 	2
4017.0	4078.0 	1
4216.0	4392.0 	1
2624.0	1192.0 	4
4076.0	4395.0 	1
2211.0	1524.0 	3
2400.0	2050.0 	3
789.0	4514.0 	2
4405.0	1795.0 	4
4287.0	4162.0 	1
4384.0	3992.0 	1
4319.0	4785.0 	1
4031.0	294.0 	4
3739.0	257.0 	4
286.0	3540.0 	2
17.0	4766.0 	2
2988.0	547.0 	4
935.0	9.0 	3
2292.0	2342.0 	3
444.0	4120.0 	2
463.0	2414.0 	3
2966.0	749.0 	4
3564.0	2489.0 	4
4462.0	2862.0 	1
826.0	4116.0 	2
2437.0	4360.0 	2
474.0	2454.0 	3
2284.0	2365.0 	3
4207.0	1541.0 	4
2438.0	972.0 	3
3098.0	3672.0 	1
1739.0	4989.0 	2
2163.0	252.0 	3
2090.0	3574.0 	2
2615.0	868.0 	4
3562.0	842.0 	4
3645.0	578.0 	4
2087.0	1661.0 	3
109.0	1942.0 	3
330.0	1605.0 	3
4542.0	1886.0 	4
567.0	1407.0 	3
1794.0	985.0 	3
349.0	4253.0 	2
1125.0	4810.0 	2
4259.0	1955.0 	4
3316.0	1815.0 	4
4205.0	688.0 	4
4211.0	3463.0 	1
1585.0	1300.0 	3
1351.0	1856.0 	3
2581.0	3006.0 	1
1916.0	2936.0 	2
1368.0	118.0 	3
1921.0	2296.0 	3
2672.0	2396.0 	4
481.0	3692.0 	2
1468.0	28.0 	3
3890.0	866.0 	4
599.0	1061.0 	3
1782.0	4553.0 	2
3706.0	2694.0 	1
4226.0	4664.0 	1
2524.0	3972.0 	1
2166.0	563.0 	3
1066.0	267.0 	3
965.0	1463.0 	3
1444.0	163.0 	3
4929.0	683.0 	4
3447.0	1162.0 	4
4932.0	736.0 	4
3340.0	4703.0 	1
3389.0	238.0 	4
3328.0	692.0 	4
2915.0	1590.0 	4
3656.0	2238.0 	4
4194.0	3042.0 	1
0.0	2865.0 	2
99.0	4990.0 	2
3678.0	2576.0 	1
4728.0	183.0 	4
1078.0	783.0 	3
1800.0	322.0 	3
3441.0	4668.0 	1
4151.0	1822.0 	4
3280.0	4215.0 	1
3779.0	2572.0 	1
1808.0	4557.0 	2
4804.0	4580.0 	1
4178.0	1967.0 	4
4855.0	4570.0 	1
4591.0	1977.0 	4
692.0	4719.0 	2
2597.0	1231.0 	4
2485.0	2226.0 	4
3716.0	2516.0 	1
122.0	2116.0 	3
117.0	3084.0 	2
2379.0	924.0 	3
2705.0	4468.0 	1
4691.0	909.0 	4
4036.0	3299.0 	1
3862.0	2713.0 	1
2392.0	3507.0 	2
1988.0	240.0 	3
2079.0	4687.0 	2
3108.0	2701.0 	1
1288.0	2716.0 	2
2521.0	1470.0 	4
4374.0	3838.0 	1
3377.0	1216.0 	4
4728.0	2603.0 	1
793.0	18.0 	3
1472.0	2749.0 	2
3268.0	2660.0 	1
2807.0	3471.0 	1
4876.0	4041.0 	1
4454.0	2671.0 	1
749.0	3504.0 	2
2200.0	3287.0 	2
974.0	4032.0 	2
633.0	873.0 	3
2301.0	2811.0 	2
4833.0	3748.0 	1
3757.0	1009.0 	4
815.0	3354.0 	2
4673.0	767.0 	4
2366.0	2149.0 	3
725.0	4301.0 	2
1275.0	3607.0 	2
4099.0	3653.0 	1
2707.0	4454.0 	1
558.0	4690.0 	2
1827.0	3653.0 	2
8.0	3480.0 	2
4694.0	2400.0 	4
4110.0	1259.0 	4
2310.0	2619.0 	2
2324.0	4383.0 	2
1968.0	2969.0 	2
2500.0	1484.0 	4
4569.0	3228.0 	1
2701.0	715.0 	4
2489.0	3889.0 	2
1966.0	1585.0 	3
408.0	1437.0 	3
2395.0	4011.0 	2
907.0	3576.0 	2
4695.0	1826.0 	4
4609.0	4765.0 	1
3642.0	2462.0 	4
1088.0	3573.0 	2
3899.0	4708.0 	1
4294.0	2638.0 	1
4606.0	1151.0 	4
4373.0	3022.0 	1
503.0	1128.0 	3
2128.0	3035.0 	2
1813.0	167.0 	3
4999.0	4410.0 	1
3264.0	731.0 	4
1140.0	4446.0 	2
1514.0	666.0 	3
4410.0	2873.0 	1
3130.0	1657.0 	4
166.0	3847.0 	2
3497.0	3447.0 	1
2834.0	2834.0 	1
585.0	1874.0 	3
4985.0	4076.0 	1
2742.0	3156.0 	1
4568.0	4523.0 	1
4799.0	1160.0 	4
3292.0	3503.0 	1
2485.0	252.0 	4
1839.0	1188.0 	3
2835.0	918.0 	4
3200.0	3141.0 	1
1376.0	3254.0 	2
2506.0	1636.0 	4
4337.0	1355.0 	4
2037.0	3756.0 	2
4059.0	2800.0 	1
1683.0	3494.0 	2
3685.0	4179.0 	1
3635.0	3990.0 	1
1071.0	2250.0 	3
3505.0	4389.0 	1
4939.0	3352.0 	1
2487.0	1226.0 	4
681.0	1055.0 	3
2909.0	633.0 	4
3815.0	2672.0 	1
1568.0	3802.0 	2
2594.0	3079.0 	1
1007.0	3444.0 	2
3541.0	2715.0 	1
3475.0	2841.0 	1
2164.0	161.0 	3
1529.0	2933.0 	2
2620.0	1463.0 	4
347.0	4099.0 	2
2955.0	4783.0 	1
3576.0	605.0 	4
147.0	1357.0 	3
2673.0	2902.0 	1
1854.0	4087.0 	2
1319.0	4471.0 	2
1981.0	1797.0 	3
1259.0	4654.0 	2
1388.0	1786.0 	3
764.0	4489.0 	2
1625.0	3134.0 	2
1069.0	3427.0 	2
126.0	1655.0 	3
1533.0	4451.0 	2
3037.0	40.0 	4
3776.0	3974.0 	1
2789.0	4258.0 	1
247.0	515.0 	3
3536.0	3743.0 	1
2860.0	508.0 	4
1853.0	4499.0 	2
3694.0	2289.0 	4
3765.0	1401.0 	4
4513.0	3099.0 	1
1045.0	209.0 	3
265.0	612.0 	3
4497.0	1172.0 	4
4055.0	2505.0 	1
4170.0	2845.0 	1
4108.0	1887.0 	4
693.0	3670.0 	2
2335.0	4794.0 	2
2845.0	1853.0 	4
4062.0	14.0 	4
2654.0	4754.0 	1
2968.0	2471.0 	4
158.0	166.0 	3
4112.0	3331.0 	1
3915.0	678.0 	4
2926.0	1198.0 	4
559.0	2223.0 	3
2586.0	3096.0 	1
2431.0	634.0 	3
4397.0	996.0 	4
964.0	2692.0 	2
3181.0	131.0 	4
421.0	4259.0 	2
2628.0	3764.0 	1
1946.0	4997.0 	2
457.0	1312.0 	3
315.0	4295.0 	2
4971.0	83.0 	4
887.0	1885.0 	3
173.0	496.0 	3
978.0	2667.0 	2
202.0	3402.0 	2
2780.0	2412.0 	4
484.0	4899.0 	2
1836.0	544.0 	3
833.0	1662.0 	3
4675.0	4114.0 	1
409.0	727.0 	3
3675.0	4115.0 	1
1341.0	4170.0 	2
1679.0	1940.0 	3
2577.0	2663.0 	1
2239.0	3329.0 	2
1796.0	3315.0 	2
1358.0	3721.0 	2
2519.0	4927.0 	2
3944.0	4413.0 	1
1378.0	4657.0 	2
2935.0	1241.0 	4
937.0	1832.0 	3
4524.0	2147.0 	4
2643.0	4143.0 	1
1104.0	3365.0 	2
1226.0	4457.0 	2
4226.0	2799.0 	1
1437.0	2968.0 	2
2504.0	2684.0 	1
1444.0	2411.0 	3
3185.0	2676.0 	1
4214.0	2598.0 	1
433.0	4428.0 	2
3332.0	4955.0 	1
40.0	1568.0 	3
4654.0	1323.0 	4
1883.0	3744.0 	2
3462.0	2660.0 	1
2948.0	1061.0 	4
62.0	621.0 	3
355.0	2454.0 	3
1128.0	4930.0 	2
53.0	1654.0 	3
2408.0	2639.0 	2
2662.0	3855.0 	1
809.0	4917.0 	2
479.0	3445.0 	2
2091.0	4323.0 	2
4329.0	3405.0 	1
417.0	2063.0 	3
1949.0	3094.0 	2
1043.0	4521.0 	2
1706.0	1506.0 	3
4167.0	4121.0 	1
4757.0	3951.0 	1
4979.0	4157.0 	1
2490.0	3404.0 	2
3939.0	1310.0 	4
1241.0	170.0 	3
1208.0	1080.0 	3
3265.0	2920.0 	1
2142.0	2596.0 	2
1574.0	4229.0 	2
2715.0	2040.0 	4
2611.0	1969.0 	4
309.0	13.0 	3
3769.0	1454.0 	4
2888.0	1449.0 	4
3980.0	3184.0 	1
2366.0	3779.0 	2
1671.0	478.0 	3
3771.0	2569.0 	1
3968.0	4220.0 	1
3884.0	4004.0 	1
3623.0	657.0 	4
2821.0	3820.0 	1
4749.0	312.0 	4
2554.0	1694.0 	4
1452.0	4775.0 	2
4910.0	4737.0 	1
1469.0	2804.0 	2
4745.0	967.0 	4
2707.0	4837.0 	1
570.0	3310.0 	2
295.0	4222.0 	2
3125.0	4394.0 	1
85.0	3379.0 	2
2821.0	2539.0 	1
2661.0	2343.0 	4
707.0	1414.0 	3
558.0	626.0 	3
563.0	501.0 	3
1447.0	4350.0 	2
2113.0	1117.0 	3
3290.0	1103.0 	4
1110.0	4907.0 	2
1142.0	865.0 	3
1263.0	923.0 	3
4424.0	4897.0 	1
2242.0	4217.0 	2
1793.0	1335.0 	3
4701.0	4142.0 	1
158.0	1550.0 	3
4612.0	773.0 	4
3372.0	2440.0 	4
1445.0	4036.0 	2
3124.0	4432.0 	1
2469.0	4345.0 	2
51.0	3998.0 	2
244.0	1812.0 	3
3595.0	3012.0 	1
1471.0	3345.0 	2
2365.0	1322.0 	3
1788.0	3612.0 	2
2903.0	398.0 	4
3933.0	3961.0 	1
4458.0	912.0 	4
4301.0	1479.0 	4
1859.0	4987.0 	2
4151.0	4325.0 	1
2807.0	2123.0 	4
4079.0	3902.0 	1
4785.0	1768.0 	4
3435.0	4334.0 	1
3119.0	2187.0 	4
1078.0	566.0 	3
4300.0	996.0 	4
1720.0	1066.0 	3
255.0	2892.0 	2
2075.0	2496.0 	3
2559.0	1182.0 	4
3530.0	165.0 	4
1968.0	4140.0 	2
647.0	1579.0 	3
616.0	4342.0 	2
1539.0	44.0 	3
385.0	985.0 	3
2402.0	3833.0 	2
3581.0	2187.0 	4
1691.0	3400.0 	2
2513.0	4495.0 	2
1756.0	1768.0 	3
1641.0	2651.0 	2
3849.0	1469.0 	4
2709.0	4071.0 	1
3824.0	2980.0 	1
1276.0	348.0 	3
4931.0	4683.0 	1
1794.0	2136.0 	3
3537.0	4109.0 	1
3641.0	4864.0 	1
177.0	869.0 	3
280.0	3635.0 	2
2027.0	4180.0 	2
4073.0	4682.0 	1
3369.0	3515.0 	1
1264.0	4779.0 	2
1539.0	392.0 	3
2139.0	3969.0 	2
2775.0	4505.0 	1
1332.0	3410.0 	2
1765.0	378.0 	3
2893.0	1060.0 	4
2609.0	1224.0 	4
3260.0	900.0 	4
3304.0	1759.0 	4
4193.0	2676.0 	1
292.0	1571.0 	3
3229.0	2236.0 	4
4259.0	3455.0 	1
855.0	3679.0 	2
158.0	1181.0 	3
414.0	2153.0 	3
913.0	211.0 	3
4704.0	1178.0 	4
59.0	1716.0 	3
4918.0	990.0 	4
4627.0	3767.0 	1
3777.0	4390.0 	1
3043.0	4750.0 	1
617.0	440.0 	3
4686.0	1394.0 	4
1091.0	2272.0 	3
2721.0	3901.0 	1
4651.0	2172.0 	4
419.0	841.0 	3
1713.0	108.0 	3
32.0	4628.0 	2
1125.0	2032.0 	3
3077.0	2383.0 	4
3097.0	358.0 	4
3317.0	1795.0 	4
3138.0	2599.0 	1
2733.0	1364.0 	4
4373.0	727.0 	4
312.0	3208.0 	2
1316.0	3533.0 	2
3542.0	4090.0 	1
2061.0	3328.0 	2
2926.0	3284.0 	1
1971.0	1821.0 	3
407.0	3238.0 	2
1502.0	1025.0 	3
1474.0	1302.0 	3
504.0	2899.0 	2
353.0	4316.0 	2
2457.0	433.0 	4
3011.0	1844.0 	4
2051.0	4727.0 	2
2941.0	2679.0 	1
4299.0	732.0 	4
872.0	1345.0 	3
4491.0	4377.0 	1
1877.0	2804.0 	2
4066.0	3280.0 	1
1691.0	3501.0 	2
758.0	2228.0 	3
2119.0	2126.0 	3
541.0	2259.0 	3
2199.0	4999.0 	2
553.0	4121.0 	2
3661.0	4620.0 	1
4721.0	2825.0 	1
1618.0	1057.0 	3
719.0	4307.0 	2
3797.0	2892.0 	1
3299.0	1816.0 	4
3896.0	2811.0 	1
2099.0	1540.0 	3
914.0	1640.0 	3
4541.0	2974.0 	1
3113.0	8.0 	4
1347.0	2957.0 	2
3288.0	4394.0 	1
3616.0	1005.0 	4
2358.0	1142.0 	3
1386.0	3423.0 	2
3668.0	597.0 	4
1979.0	779.0 	3
2205.0	305.0 	3
1802.0	2441.0 	3
2489.0	4653.0 	2
3982.0	4318.0 	1
541.0	4644.0 	2
3525.0	723.0 	4
4479.0	68.0 	4
756.0	3160.0 	2
1507.0	4400.0 	2
1937.0	2186.0 	3
4167.0	49.0 	4
4541.0	3201.0 	1
4344.0	4274.0 	1
3785.0	4778.0 	1
2888.0	362.0 	4
4914.0	3666.0 	1
1432.0	2131.0 	3
1812.0	2870.0 	2
1464.0	3008.0 	2
1484.0	4801.0 	2
4323.0	2739.0 	1
3762.0	3772.0 	1
4788.0	515.0 	4
2222.0	4131.0 	2
3657.0	1055.0 	4
556.0	938.0 	3
2490.0	599.0 	4
4010.0	255.0 	4
3400.0	2041.0 	4
2172.0	9.0 	3
4457.0	3425.0 	1
4700.0	58.0 	4
2542.0	1678.0 	4
2672.0	3630.0 	1
3978.0	4387.0 	1
2751.0	4314.0 	1
4550.0	550.0 	4
2541.0	4728.0 	1
2103.0	2656.0 	2
2878.0	4920.0 	1
3496.0	1033.0 	4
4578.0	883.0 	4
2551.0	2045.0 	4
1706.0	1715.0 	3
26.0	1490.0 	3
1218.0	3394.0 	2
533.0	3323.0 	2
3841.0	2406.0 	4
1832.0	2818.0 	2
4414.0	4232.0 	1
2746.0	1282.0 	4
1341.0	147.0 	3
1053.0	1945.0 	3
4286.0	1532.0 	4
4900.0	2324.0 	4
3687.0	1535.0 	4
4200.0	1675.0 	4
2623.0	2218.0 	4
2864.0	494.0 	4
3273.0	3401.0 	1
1162.0	776.0 	3
111.0	2766.0 	2
1001.0	2126.0 	3
1319.0	2289.0 	3
3296.0	2363.0 	4
4928.0	2271.0 	4
1215.0	4808.0 	2
585.0	2843.0 	2
2877.0	3220.0 	1
4528.0	2509.0 	1
778.0	4054.0 	2
4646.0	535.0 	4
1195.0	1318.0 	3
4434.0	3871.0 	1
2623.0	1600.0 	4
3704.0	1411.0 	4
1817.0	3730.0 	2
2506.0	1170.0 	4
902.0	1101.0 	3
1336.0	2930.0 	2
3241.0	3088.0 	1
2805.0	4272.0 	1
4698.0	1459.0 	4
3108.0	1529.0 	4
805.0	1647.0 	3
3928.0	1010.0 	4
438.0	3810.0 	2
3947.0	652.0 	4
1204.0	2315.0 	3
3051.0	3608.0 	1
2619.0	2856.0 	1
911.0	2230.0 	3
1497.0	3180.0 	2
2750.0	4439.0 	1
659.0	919.0 	3
272.0	3334.0 	2
994.0	3319.0 	2
3770.0	1489.0 	4
383.0	4848.0 	2
1243.0	405.0 	3
174.0	4477.0 	2
2332.0	4508.0 	2
4761.0	1219.0 	4
3902.0	1973.0 	4
1269.0	981.0 	3
4962.0	872.0 	4
4287.0	4016.0 	1
2155.0	1284.0 	3
3980.0	3348.0 	1
2638.0	4914.0 	1
4396.0	4217.0 	1
469.0	4314.0 	2
1582.0	3102.0 	2
1458.0	1855.0 	3
659.0	2831.0 	2
3318.0	3296.0 	1
4456.0	943.0 	4
1463.0	2909.0 	2
3070.0	4667.0 	1
3082.0	3541.0 	1
3621.0	2685.0 	1
3327.0	4044.0 	1
2215.0	661.0 	3
131.0	1841.0 	3
1801.0	4397.0 	2
1612.0	565.0 	3
4019.0	672.0 	4
1687.0	244.0 	3
2277.0	779.0 	3
1515.0	7.0 	3
2682.0	2746.0 	1
2971.0	3121.0 	1
2596.0	3110.0 	1
2830.0	546.0 	4
4824.0	1451.0 	4
2764.0	1995.0 	4
1811.0	3118.0 	2
1284.0	2089.0 	3
3765.0	3130.0 	1
4016.0	4150.0 	1
850.0	3055.0 	2
3123.0	917.0 	4
3799.0	2582.0 	1
937.0	2146.0 	3
2895.0	325.0 	4
571.0	3588.0 	2
1648.0	2605.0 	2
1533.0	4346.0 	2
3022.0	1051.0 	4
1282.0	192.0 	3
849.0	3144.0 	2
3185.0	429.0 	4
3064.0	2837.0 	1
2160.0	4783.0 	2
216.0	3207.0 	2
167.0	710.0 	3
352.0	648.0 	3
619.0	3135.0 	2
2473.0	4876.0 	2
1343.0	1106.0 	3
636.0	4941.0 	2
4205.0	4830.0 	1
3244.0	1003.0 	4
4416.0	1638.0 	4
80.0	160.0 	3
1473.0	2712.0 	2
192.0	1515.0 	3
3860.0	983.0 	4
1723.0	4627.0 	2
2454.0	1824.0 	3
4308.0	3960.0 	1
287.0	4028.0 	2
807.0	4992.0 	2
1437.0	2569.0 	2
3240.0	2841.0 	1
2666.0	3771.0 	1
2974.0	1078.0 	4
1585.0	1032.0 	3
73.0	3623.0 	2
404.0	3760.0 	2
2706.0	2406.0 	4
1794.0	3608.0 	2
517.0	4956.0 	2
2323.0	1235.0 	3
3932.0	1641.0 	4
350.0	1601.0 	3
556.0	1210.0 	3
4445.0	3744.0 	1
3375.0	3584.0 	1
636.0	4294.0 	2
555.0	3755.0 	2
1760.0	632.0 	3
1335.0	4158.0 	2
440.0	772.0 	3
415.0	350.0 	3
4237.0	1712.0 	4
1901.0	4863.0 	2
553.0	49.0 	3
607.0	3377.0 	2
1831.0	273.0 	3
67.0	4346.0 	2
3814.0	2521.0 	1
1257.0	1210.0 	3
2559.0	1561.0 	4
1159.0	1212.0 	3
872.0	3697.0 	2
2599.0	705.0 	4
4090.0	4074.0 	1
554.0	678.0 	3
2354.0	1767.0 	3
434.0	2171.0 	3
4334.0	1948.0 	4
3819.0	93.0 	4
435.0	4555.0 	2
516.0	1889.0 	3
1357.0	4235.0 	2
2251.0	1429.0 	3
3085.0	4085.0 	1
186.0	3994.0 	2
3638.0	917.0 	4
1216.0	2007.0 	3
4891.0	3761.0 	1
575.0	82.0 	3
2304.0	230.0 	3
1954.0	2969.0 	2
2576.0	529.0 	4
122.0	3743.0 	2
606.0	2212.0 	3
337.0	2309.0 	3
4990.0	57.0 	4
414.0	3265.0 	2
4272.0	2807.0 	1
1222.0	4246.0 	2
1379.0	2618.0 	2
3640.0	3702.0 	1
816.0	3531.0 	2
4302.0	254.0 	4
2977.0	1722.0 	4
4752.0	4558.0 	1
2537.0	4709.0 	1
4.0	2571.0 	3
4522.0	1682.0 	4
2520.0	4796.0 	2
3501.0	1033.0 	4
4964.0	977.0 	4
159.0	4565.0 	2
922.0	2777.0 	2
847.0	2640.0 	2
4705.0	4861.0 	1
2440.0	3406.0 	2
2000.0	1224.0 	3
1650.0	4621.0 	2
1917.0	3098.0 	2
3106.0	3227.0 	1
539.0	2120.0 	3
2144.0	1736.0 	3
700.0	2418.0 	3
3327.0	4921.0 	1
1190.0	2686.0 	2
2494.0	2961.0 	2
939.0	441.0 	3
3381.0	260.0 	4
4449.0	4532.0 	1
351.0	1836.0 	3
2135.0	656.0 	3
863.0	4834.0 	2
1502.0	4259.0 	2
3080.0	2393.0 	4
3719.0	478.0 	4
4069.0	1370.0 	4
2004.0	3590.0 	2
1153.0	4307.0 	2
3600.0	216.0 	4
4505.0	295.0 	4
3537.0	2350.0 	4
3216.0	4341.0 	1
3596.0	2744.0 	1
922.0	2759.0 	2
3939.0	2223.0 	4
10.0	3122.0 	2
1333.0	3955.0 	2
4020.0	4758.0 	1
395.0	3281.0 	2
4881.0	1822.0 	4
2314.0	3611.0 	2
1961.0	2739.0 	2
4748.0	1537.0 	4
2896.0	658.0 	4
1164.0	3649.0 	2
4878.0	1507.0 	4
1995.0	689.0 	3
373.0	2661.0 	2
2192.0	4903.0 	2
1269.0	4770.0 	2
954.0	4237.0 	2
4320.0	3959.0 	1
4551.0	3516.0 	1
1606.0	2047.0 	3
4697.0	2742.0 	1
343.0	1713.0 	3
3182.0	3745.0 	1
1136.0	2579.0 	2
1424.0	818.0 	3
1569.0	2107.0 	3
536.0	2206.0 	3
2701.0	4146.0 	1
4250.0	103.0 	4
3286.0	4652.0 	1
2713.0	721.0 	4
4031.0	307.0 	4
1232.0	2512.0 	3
4717.0	413.0 	4
1851.0	2940.0 	2
4754.0	3417.0 	1
3704.0	1339.0 	4
2807.0	778.0 	4
3809.0	800.0 	4
1027.0	154.0 	3
132.0	1407.0 	3
4859.0	4335.0 	1
4471.0	1465.0 	4
2128.0	139.0 	3
1268.0	4238.0 	2
3121.0	3873.0 	1
780.0	780.0 	3
962.0	4999.0 	2
1637.0	3604.0 	2
3630.0	2536.0 	1
2599.0	1201.0 	4
3303.0	3902.0 	1
821.0	8.0 	3
582.0	478.0 	3
1958.0	3650.0 	2
651.0	985.0 	3
3660.0	1829.0 	4
3528.0	712.0 	4
4716.0	3373.0 	1
4335.0	2827.0 	1
2614.0	1313.0 	4
2630.0	4186.0 	1
2352.0	2228.0 	3
3064.0	19.0 	4
3876.0	4602.0 	1
3823.0	4112.0 	1
437.0	4520.0 	2
1025.0	1274.0 	3
2803.0	668.0 	4
2073.0	4990.0 	2
1004.0	2571.0 	2
4428.0	4826.0 	1
450.0	2226.0 	3
1965.0	328.0 	3
1581.0	3220.0 	2
902.0	2204.0 	3
4068.0	2989.0 	1
3661.0	1082.0 	4
1812.0	4325.0 	2
4167.0	4292.0 	1
4244.0	56.0 	4
1070.0	4240.0 	2
1067.0	2302.0 	3
4530.0	4137.0 	1
2839.0	548.0 	4
737.0	4465.0 	2
3044.0	270.0 	4
2088.0	594.0 	3
1715.0	3464.0 	2
1411.0	355.0 	3
1016.0	503.0 	3
4272.0	419.0 	4
3083.0	2330.0 	4
4483.0	3842.0 	1
4970.0	2056.0 	4
4772.0	4417.0 	1
3582.0	225.0 	4
4321.0	193.0 	4
4301.0	4661.0 	1
3712.0	3402.0 	1
3734.0	2492.0 	1
4121.0	2559.0 	1
4308.0	2618.0 	1
2259.0	2957.0 	2
1729.0	4375.0 	2
1449.0	1275.0 	3
2460.0	2338.0 	3
152.0	1682.0 	3
1774.0	3783.0 	2
2956.0	3167.0 	1
4879.0	1750.0 	4
4974.0	2659.0 	1
4008.0	4793.0 	1
2223.0	30.0 	3
1011.0	1074.0 	3
2109.0	4032.0 	2
3031.0	4764.0 	1
2637.0	2523.0 	1
4893.0	594.0 	4
2081.0	4939.0 	2
1747.0	984.0 	3
437.0	3670.0 	2
398.0	3934.0 	2
1868.0	3139.0 	2
1686.0	2601.0 	2
3536.0	1950.0 	4
60.0	2297.0 	3
3190.0	3793.0 	1
1808.0	1242.0 	3
1779.0	1931.0 	3
2902.0	1402.0 	4
4869.0	1628.0 	4
3741.0	518.0 	4
1475.0	178.0 	3
3978.0	4904.0 	1
2785.0	545.0 	4
2361.0	3821.0 	2
3022.0	4030.0 	1
2955.0	88.0 	4
1835.0	4033.0 	2
4282.0	3800.0 	1
238.0	2841.0 	2
1881.0	2366.0 	3
470.0	4453.0 	2
1068.0	820.0 	3
4313.0	4093.0 	1
514.0	3416.0 	2
3477.0	2494.0 	1
3601.0	2933.0 	1
4170.0	2110.0 	4
2659.0	1392.0 	4
3235.0	1024.0 	4
3906.0	1218.0 	4
1942.0	2085.0 	3
1948.0	4707.0 	2
3421.0	3700.0 	1
3878.0	3736.0 	1
2444.0	4423.0 	2
2014.0	754.0 	3
2395.0	4127.0 	2
3299.0	3737.0 	1
4526.0	1174.0 	4
2026.0	1079.0 	3
1835.0	1687.0 	3
848.0	1374.0 	3
463.0	151.0 	3
1084.0	1359.0 	3
3721.0	4831.0 	1
2232.0	4770.0 	2
4497.0	1729.0 	4
3570.0	1977.0 	4
4805.0	641.0 	4
3600.0	2707.0 	1
754.0	2443.0 	3
3616.0	1854.0 	4
2281.0	4118.0 	2
1545.0	562.0 	3
1185.0	3391.0 	2
2228.0	1403.0 	3
2771.0	1435.0 	4
3111.0	1252.0 	4
2947.0	1492.0 	4
186.0	3477.0 	2
3886.0	4446.0 	1
620.0	4143.0 	2
1447.0	254.0 	3
4086.0	4681.0 	1
2980.0	4282.0 	1
1113.0	4118.0 	2
1491.0	4357.0 	2
1955.0	1276.0 	3
4457.0	2755.0 	1
4360.0	2255.0 	4
770.0	2883.0 	2
593.0	3482.0 	2
1838.0	3829.0 	2
1078.0	1455.0 	3
2361.0	1384.0 	3
3043.0	4192.0 	1
790.0	3964.0 	2
2957.0	4393.0 	1
4252.0	413.0 	4
2648.0	1011.0 	4
733.0	4282.0 	2
1024.0	2211.0 	3
2174.0	2857.0 	2
2237.0	3470.0 	2
2161.0	3606.0 	2
4813.0	388.0 	4
1576.0	4242.0 	2
3233.0	2393.0 	4
3630.0	2612.0 	1
971.0	2191.0 	3
1844.0	3704.0 	2
4896.0	4514.0 	1
4315.0	3867.0 	1
1682.0	1847.0 	3
3033.0	1290.0 	4
2017.0	187.0 	3
1513.0	4440.0 	2
1141.0	1080.0 	3
362.0	954.0 	3
1909.0	2348.0 	3
1836.0	2142.0 	3
2375.0	854.0 	3
2480.0	2834.0 	2
10.0	4959.0 	2
4880.0	3399.0 	1
794.0	913.0 	3
4140.0	3135.0 	1
1991.0	2862.0 	2
688.0	1036.0 	3
273.0	2557.0 	3
2626.0	2983.0 	1
4745.0	3184.0 	1
89.0	3074.0 	2
1095.0	235.0 	3
1632.0	561.0 	3
3689.0	1707.0 	4
2464.0	552.0 	4
3498.0	1742.0 	4
2439.0	3190.0 	2
3024.0	905.0 	4
4250.0	515.0 	4
4660.0	3195.0 	1
951.0	3736.0 	2
1063.0	667.0 	3
3546.0	616.0 	4
1523.0	1137.0 	3
1191.0	2702.0 	2
1035.0	4692.0 	2
3362.0	1869.0 	4
4035.0	1945.0 	4
815.0	2141.0 	3
3514.0	414.0 	4
4029.0	1716.0 	4
94.0	3658.0 	2
3352.0	2373.0 	4
292.0	455.0 	3
3234.0	1651.0 	4
3469.0	2797.0 	1
896.0	1254.0 	3
3450.0	3331.0 	1
2061.0	4962.0 	2
3505.0	4536.0 	1
2426.0	39.0 	4
4589.0	2246.0 	4
1215.0	4045.0 	2
4522.0	1838.0 	4
4884.0	1361.0 	4
3536.0	3746.0 	1
249.0	3455.0 	2
1225.0	4913.0 	2
3444.0	2514.0 	1
4850.0	620.0 	4
3598.0	1604.0 	4
1375.0	1808.0 	3
1946.0	3736.0 	2
4763.0	4040.0 	1
2058.0	1619.0 	3
1583.0	2606.0 	2
4381.0	386.0 	4
642.0	1869.0 	3
33.0	625.0 	3
751.0	3834.0 	2
3436.0	2981.0 	1
3117.0	3857.0 	1
2507.0	1465.0 	4
1259.0	4457.0 	2
969.0	1262.0 	3
801.0	1983.0 	3
599.0	3567.0 	2
4921.0	319.0 	4
2507.0	2168.0 	4
266.0	2990.0 	2
2325.0	3460.0 	2
818.0	2481.0 	3
4801.0	884.0 	4
3866.0	442.0 	4
2535.0	3511.0 	1
1738.0	741.0 	3
1608.0	3631.0 	2
2802.0	2007.0 	4
3502.0	451.0 	4
3793.0	1694.0 	4
4250.0	3615.0 	1
2344.0	2746.0 	2
2344.0	4766.0 	2
1359.0	1643.0 	3
3145.0	581.0 	4
3092.0	4082.0 	1
2628.0	3068.0 	1
130.0	3162.0 	2
833.0	2146.0 	3
2952.0	945.0 	4
539.0	4815.0 	2
1888.0	897.0 	3
2593.0	2316.0 	4
3866.0	2129.0 	4
3012.0	3741.0 	1
361.0	4951.0 	2
1935.0	1791.0 	3
4043.0	2652.0 	1
676.0	1029.0 	3
2295.0	3893.0 	2
40.0	4836.0 	2
3970.0	1322.0 	4
3970.0	1594.0 	4
1107.0	2519.0 	3
4347.0	4673.0 	1
2260.0	3127.0 	2
2194.0	979.0 	3
4281.0	4756.0 	1
422.0	4610.0 	2
3147.0	2924.0 	1
2491.0	3437.0 	2
178.0	647.0 	3
1200.0	3932.0 	2
4439.0	461.0 	4
2672.0	430.0 	4
4226.0	2212.0 	4
1083.0	167.0 	3
4479.0	3441.0 	1
3170.0	906.0 	4
2876.0	820.0 	4
1032.0	1148.0 	3
4427.0	3128.0 	1
4297.0	1945.0 	4
754.0	1662.0 	3
210.0	241.0 	3
4268.0	3867.0 	1
1698.0	2485.0 	3
360.0	2722.0 	2
3125.0	2089.0 	4
797.0	3676.0 	2
1166.0	4462.0 	2
2011.0	2693.0 	2
4939.0	61.0 	4
1360.0	2241.0 	3
1729.0	4584.0 	2
563.0	445.0 	3
2009.0	1047.0 	3
1620.0	1295.0 	3
2529.0	931.0 	4
1113.0	1171.0 	3
1911.0	444.0 	3
1840.0	3594.0 	2
2255.0	3067.0 	2
1676.0	1657.0 	3
879.0	2269.0 	3
2750.0	4988.0 	1
1461.0	4794.0 	2
1050.0	1419.0 	3
1404.0	3195.0 	2
2605.0	3730.0 	1
2197.0	905.0 	3
2920.0	4782.0 	1
4764.0	3557.0 	1
2306.0	1461.0 	3
3288.0	3796.0 	1
249.0	1489.0 	3
2361.0	2999.0 	2
4688.0	1167.0 	4
2901.0	3037.0 	1
3927.0	979.0 	4
3386.0	3330.0 	1
2985.0	2659.0 	1
4889.0	3051.0 	1
1799.0	4098.0 	2
2598.0	2272.0 	4
480.0	1105.0 	3
4931.0	2359.0 	4
4277.0	1995.0 	4
2399.0	1690.0 	3
4947.0	4830.0 	1
4938.0	4543.0 	1
3102.0	3763.0 	1
2708.0	3836.0 	1
2624.0	3943.0 	1
2289.0	2132.0 	3
206.0	3281.0 	2
2277.0	1749.0 	3
4765.0	438.0 	4
542.0	2592.0 	2
2877.0	1174.0 	4
2086.0	2866.0 	2
2773.0	4131.0 	1
3225.0	719.0 	4
4745.0	3133.0 	1
1103.0	4567.0 	2
4102.0	1953.0 	4
2270.0	2239.0 	3
348.0	2274.0 	3
4486.0	4494.0 	1
3516.0	4041.0 	1
2737.0	218.0 	4
1500.0	4337.0 	2
3922.0	4490.0 	1
311.0	4305.0 	2
1395.0	4140.0 	2
3209.0	1099.0 	4
28.0	3968.0 	2
3599.0	361.0 	4
132.0	4851.0 	2
582.0	1522.0 	3
4917.0	854.0 	4
1602.0	3545.0 	2
3299.0	2012.0 	4
1410.0	3248.0 	2
4233.0	827.0 	4
4493.0	3884.0 	1
1056.0	1914.0 	3
2640.0	1223.0 	4
1153.0	3010.0 	2
4546.0	2030.0 	4
233.0	2796.0 	2
1141.0	4411.0 	2
4140.0	2809.0 	1
1368.0	1644.0 	3
4810.0	2855.0 	1
2613.0	786.0 	4
3006.0	2073.0 	4
2370.0	2379.0 	3
2300.0	1581.0 	3
3498.0	4599.0 	1
2653.0	1321.0 	4
2946.0	1451.0 	4
1201.0	1802.0 	3
4857.0	127.0 	4
300.0	19.0 	3
3837.0	4718.0 	1
4623.0	3531.0 	1
1724.0	2044.0 	3
2121.0	1206.0 	3
2535.0	1353.0 	4
1302.0	2217.0 	3
3594.0	1254.0 	4
4913.0	2600.0 	1
2288.0	3505.0 	2
4683.0	4419.0 	1
2103.0	595.0 	3
1363.0	1013.0 	3
2258.0	3911.0 	2
4849.0	2437.0 	4
713.0	1139.0 	3
1539.0	4769.0 	2
2951.0	1327.0 	4
2203.0	2485.0 	3
1206.0	3826.0 	2
1031.0	1391.0 	3
1474.0	1384.0 	3
4221.0	3423.0 	1
1269.0	1220.0 	3
144.0	2402.0 	3
2114.0	187.0 	3
1858.0	526.0 	3
2086.0	2728.0 	2
2004.0	806.0 	3
1414.0	4593.0 	2
3159.0	1443.0 	4
1106.0	3094.0 	2
3583.0	4492.0 	1
4432.0	2599.0 	1
3366.0	3902.0 	1
166.0	1110.0 	3
4682.0	2724.0 	1
4562.0	932.0 	4
4871.0	895.0 	4
2542.0	4004.0 	1
2928.0	2735.0 	1
901.0	2869.0 	2
3280.0	4557.0 	1
2926.0	3642.0 	1
1471.0	3225.0 	2
4801.0	3269.0 	1
879.0	2646.0 	2
4212.0	113.0 	4
2550.0	2408.0 	4
1806.0	4942.0 	2
2089.0	2799.0 	2
1864.0	573.0 	3
2700.0	3868.0 	1
1306.0	412.0 	3
4784.0	1635.0 	4
4265.0	209.0 	4
3650.0	3451.0 	1
1777.0	3609.0 	2
3520.0	4850.0 	1
1578.0	2914.0 	2
541.0	2906.0 	2
3799.0	1765.0 	4
3296.0	2448.0 	4
1249.0	3470.0 	2
4624.0	2097.0 	4
2469.0	2116.0 	3
684.0	1444.0 	3
497.0	694.0 	3
4589.0	3670.0 	1
2431.0	1119.0 	3
4845.0	4606.0 	1
4905.0	4711.0 	1
2796.0	1441.0 	4
4301.0	2325.0 	4
1019.0	3691.0 	2
2312.0	1790.0 	3
1352.0	2016.0 	3
2200.0	1285.0 	3
4254.0	999.0 	4
1414.0	2372.0 	3
3282.0	2047.0 	4
1977.0	4465.0 	2
2579.0	4843.0 	1
4408.0	2613.0 	1
2315.0	2406.0 	3
534.0	63.0 	3
4279.0	123.0 	4
734.0	346.0 	3
2216.0	1065.0 	3
4295.0	1895.0 	4
1629.0	2608.0 	2
1027.0	2995.0 	2
2757.0	2319.0 	4
1291.0	2381.0 	3
4626.0	3541.0 	1
3925.0	2121.0 	4
1944.0	3025.0 	2
4097.0	3827.0 	1
2286.0	4109.0 	2
4952.0	236.0 	4
223.0	677.0 	3
535.0	3780.0 	2
1999.0	234.0 	3
4762.0	3244.0 	1
4262.0	4394.0 	1
297.0	3136.0 	2
3834.0	171.0 	4
3561.0	2691.0 	1
4919.0	2152.0 	4
3767.0	1119.0 	4
3452.0	4688.0 	1
3147.0	1277.0 	4
70.0	2026.0 	3
4820.0	4495.0 	1
1469.0	1307.0 	3
1958.0	4708.0 	2
3184.0	2933.0 	1
1677.0	4229.0 	2
1506.0	3685.0 	2
3493.0	3940.0 	1
2854.0	4882.0 	1
1243.0	4854.0 	2
352.0	556.0 	3
3334.0	2142.0 	4
1288.0	3773.0 	2
4221.0	3286.0 	1
4069.0	597.0 	4
935.0	2925.0 	2
3680.0	4585.0 	1
4362.0	4380.0 	1
793.0	4375.0 	2
3098.0	1553.0 	4
951.0	2700.0 	2
4007.0	4349.0 	1
172.0	986.0 	3
2648.0	2275.0 	4
906.0	2383.0 	3
794.0	1007.0 	3
4578.0	1593.0 	4
4086.0	4776.0 	1
3132.0	3225.0 	1
562.0	3402.0 	2
2169.0	2368.0 	3
3891.0	1704.0 	4
34.0	804.0 	3
1746.0	4831.0 	2
1433.0	3850.0 	2
3898.0	3157.0 	1
3086.0	345.0 	4
238.0	4679.0 	2
1601.0	760.0 	3
1170.0	2490.0 	3
4071.0	3796.0 	1
2210.0	4596.0 	2
3584.0	4124.0 	1
4594.0	3300.0 	1
1323.0	2498.0 	3
791.0	1718.0 	3
2428.0	4173.0 	2
4800.0	1838.0 	4
3936.0	1181.0 	4
1548.0	2816.0 	2
4850.0	600.0 	4
2029.0	4323.0 	2
639.0	3697.0 	2
4454.0	676.0 	4
4744.0	4431.0 	1
1619.0	2256.0 	3
3512.0	988.0 	4
1131.0	4778.0 	2
101.0	3708.0 	2
4491.0	4909.0 	1
3838.0	99.0 	4
3964.0	1886.0 	4
4710.0	3061.0 	1
258.0	286.0 	3
4078.0	1226.0 	4
1695.0	293.0 	3
3763.0	4386.0 	1
4859.0	1074.0 	4
2114.0	3728.0 	2
1552.0	3650.0 	2
2960.0	3694.0 	1
3592.0	3923.0 	1
3189.0	4623.0 	1
3006.0	4028.0 	1
30.0	3769.0 	2
4705.0	4362.0 	1
3647.0	655.0 	4
692.0	4980.0 	2
4172.0	798.0 	4
1604.0	4755.0 	2
111.0	537.0 	3
2146.0	2981.0 	2
4019.0	4833.0 	1
1330.0	1434.0 	3
1081.0	2250.0 	3
4133.0	3366.0 	1
182.0	1711.0 	3
1556.0	1232.0 	3
4539.0	4250.0 	1
4665.0	4074.0 	1
4064.0	3410.0 	1
2864.0	43.0 	4
4773.0	3509.0 	1
4107.0	3445.0 	1
4526.0	2039.0 	4
391.0	965.0 	3
4457.0	2552.0 	1
182.0	4031.0 	2
3258.0	3998.0 	1
2489.0	2815.0 	2
2568.0	1074.0 	4
4119.0	3665.0 	1
3978.0	1392.0 	4
4419.0	4604.0 	1
4717.0	2295.0 	4
1664.0	4916.0 	2
1859.0	18.0 	3
1325.0	2383.0 	3
1283.0	1559.0 	3
1751.0	694.0 	3
1256.0	4952.0 	2
4635.0	441.0 	4
356.0	1196.0 	3
3238.0	3405.0 	1
3335.0	4353.0 	1
3655.0	4784.0 	1
3564.0	1720.0 	4
1987.0	488.0 	3
4859.0	452.0 	4
4720.0	821.0 	4
2561.0	1664.0 	4
3702.0	1430.0 	4
3056.0	2968.0 	1
641.0	2532.0 	3
2342.0	4034.0 	2
3839.0	4768.0 	1
2505.0	4908.0 	2
1259.0	4764.0 	2
622.0	3992.0 	2
378.0	1894.0 	3
554.0	2308.0 	3
1643.0	4314.0 	2
4810.0	945.0 	4
2947.0	560.0 	4
1812.0	2757.0 	2
3832.0	4704.0 	1
1217.0	1375.0 	3
506.0	3371.0 	2
3351.0	3685.0 	1
2259.0	1202.0 	3
224.0	1651.0 	3
3428.0	3331.0 	1
3009.0	2328.0 	4
4242.0	4937.0 	1
4499.0	1807.0 	4
4297.0	1792.0 	4
3654.0	71.0 	4
3014.0	580.0 	4
1006.0	4231.0 	2
4923.0	289.0 	4
135.0	1526.0 	3
3156.0	2161.0 	4
220.0	3546.0 	2
2300.0	4094.0 	2
2408.0	1189.0 	3
1919.0	3006.0 	2
1286.0	1516.0 	3
2483.0	1839.0 	4
726.0	250.0 	3
3574.0	2081.0 	4
716.0	698.0 	3
2838.0	3565.0 	1
3545.0	1205.0 	4
722.0	3792.0 	2
1134.0	818.0 	3
452.0	3199.0 	2
2163.0	2666.0 	2
219.0	173.0 	3
4277.0	1486.0 	4
550.0	4684.0 	2
4853.0	314.0 	4
1345.0	2714.0 	2
359.0	2331.0 	3
500.0	2571.0 	2
3669.0	1601.0 	4
607.0	2685.0 	2
788.0	2879.0 	2
1530.0	1430.0 	3
682.0	654.0 	3
3135.0	4521.0 	1
1322.0	1747.0 	3
2241.0	4928.0 	2
2887.0	2731.0 	1
4754.0	2134.0 	4
4512.0	1428.0 	4
1209.0	2310.0 	3
3134.0	2182.0 	4
2448.0	2660.0 	2
2562.0	4875.0 	1
2891.0	4822.0 	1
1742.0	2788.0 	2
2151.0	319.0 	3
58.0	3858.0 	2
1711.0	4469.0 	2
541.0	89.0 	3
2434.0	1227.0 	3
507.0	112.0 	3
3310.0	4346.0 	1
923.0	3365.0 	2
1218.0	4678.0 	2
1769.0	2298.0 	3
457.0	1851.0 	3
1452.0	4472.0 	2
3222.0	2873.0 	1
2502.0	290.0 	4
4790.0	2740.0 	1
4834.0	2954.0 	1
562.0	2320.0 	3
1098.0	3099.0 	2
1600.0	3293.0 	2
3207.0	179.0 	4
3208.0	3152.0 	1
4798.0	809.0 	4
1144.0	3303.0 	2
19.0	2466.0 	3
1262.0	1830.0 	3
374.0	4574.0 	2
3718.0	134.0 	4
1260.0	308.0 	3
512.0	4907.0 	2
3914.0	2715.0 	1
4093.0	4586.0 	1
1668.0	3624.0 	2
540.0	567.0 	3
3469.0	310.0 	4
741.0	4962.0 	2
4974.0	1594.0 	4
1536.0	2836.0 	2
3547.0	443.0 	4
2988.0	1335.0 	4
2205.0	775.0 	3
3648.0	1742.0 	4
3914.0	3114.0 	1
288.0	1769.0 	3
235.0	1824.0 	3
4646.0	1961.0 	4
3585.0	4830.0 	1
1937.0	4469.0 	2
4478.0	4243.0 	1
3154.0	2658.0 	1
2179.0	4542.0 	2
2894.0	3070.0 	1
4940.0	3263.0 	1
835.0	2207.0 	3
3205.0	3452.0 	1
1447.0	1400.0 	3
984.0	4686.0 	2
3218.0	3786.0 	1
1794.0	958.0 	3
174.0	3327.0 	2
2771.0	3305.0 	1
3567.0	2344.0 	4
1913.0	2536.0 	2
3638.0	3498.0 	1
977.0	2687.0 	2
2421.0	4459.0 	2
1035.0	506.0 	3
4830.0	4811.0 	1
42.0	2333.0 	3
3844.0	4378.0 	1
4171.0	981.0 	4
2382.0	2173.0 	3
4785.0	4927.0 	1
953.0	2356.0 	3
2761.0	4002.0 	1
3126.0	3786.0 	1
2240.0	2506.0 	3
804.0	413.0 	3
1720.0	3125.0 	2
3534.0	2111.0 	4
3511.0	2063.0 	4
2067.0	3988.0 	2
2535.0	488.0 	4
3006.0	584.0 	4
2680.0	1677.0 	4
3354.0	3164.0 	1
3724.0	2504.0 	1
3130.0	1040.0 	4
517.0	4464.0 	2
1192.0	625.0 	3
2977.0	4060.0 	1
508.0	1800.0 	3
4380.0	2881.0 	1
2351.0	2849.0 	2
2717.0	2310.0 	4
3090.0	4715.0 	1
3730.0	982.0 	4
556.0	1748.0 	3
4487.0	3775.0 	1
1164.0	4553.0 	2
3009.0	4159.0 	1
2880.0	948.0 	4
331.0	4851.0 	2
4724.0	4359.0 	1
3982.0	258.0 	4
68.0	2631.0 	2
2976.0	2726.0 	1
3207.0	3193.0 	1
2041.0	723.0 	3
3888.0	2333.0 	4
352.0	1465.0 	3
3522.0	4187.0 	1
3526.0	1865.0 	4
2525.0	1530.0 	4
3009.0	4132.0 	1
4864.0	1680.0 	4
372.0	3460.0 	2
3470.0	879.0 	4
4333.0	3387.0 	1
912.0	2233.0 	3
3454.0	2184.0 	4
42.0	3741.0 	2
2827.0	2364.0 	4
1735.0	2226.0 	3
3292.0	810.0 	4
2087.0	4607.0 	2
4431.0	4022.0 	1
875.0	406.0 	3
3761.0	4552.0 	1
1061.0	1835.0 	3
4648.0	1071.0 	4
3921.0	424.0 	4
3420.0	3382.0 	1
910.0	1772.0 	3
934.0	930.0 	3
2871.0	3360.0 	1
3355.0	4330.0 	1
459.0	3490.0 	2
4604.0	3417.0 	1
420.0	793.0 	3
3872.0	1475.0 	4
4543.0	990.0 	4
4794.0	2723.0 	1
4516.0	4735.0 	1
2749.0	2318.0 	4
2367.0	1086.0 	3
1749.0	2558.0 	2
947.0	4413.0 	2
2297.0	4305.0 	2
2295.0	39.0 	3
4482.0	1012.0 	4
4182.0	445.0 	4
2538.0	3290.0 	1
3180.0	239.0 	4
731.0	2236.0 	3
4553.0	4221.0 	1
896.0	871.0 	3
3000.0	4689.0 	1
3842.0	2156.0 	4
1702.0	3316.0 	2
2400.0	2020.0 	3
955.0	1991.0 	3
1786.0	2871.0 	2
1594.0	1094.0 	3
1056.0	105.0 	3
1727.0	3663.0 	2
1762.0	3550.0 	2
1525.0	652.0 	3
1474.0	3764.0 	2
3442.0	2566.0 	1
947.0	4075.0 	2
2248.0	588.0 	3
1807.0	4440.0 	2
1298.0	1854.0 	3
3529.0	660.0 	4
700.0	2268.0 	3
956.0	2197.0 	3
1899.0	416.0 	3
4718.0	3861.0 	1
2396.0	1524.0 	3
2444.0	139.0 	4
2659.0	142.0 	4
4887.0	3328.0 	1
358.0	3162.0 	2
1008.0	1488.0 	3
393.0	3006.0 	2
2820.0	4500.0 	1
315.0	1308.0 	3
2227.0	875.0 	3
766.0	4157.0 	2
412.0	2867.0 	2
3469.0	499.0 	4
4888.0	4239.0 	1
1331.0	4073.0 	2
4045.0	2018.0 	4
1517.0	1672.0 	3
3584.0	1287.0 	4
2961.0	4204.0 	1
4611.0	2326.0 	4
4013.0	943.0 	4
590.0	59.0 	3
4185.0	4550.0 	1
955.0	899.0 	3
1556.0	477.0 	3
4715.0	1441.0 	4
2960.0	1710.0 	4
819.0	1470.0 	3
1402.0	2748.0 	2
834.0	501.0 	3
3688.0	3795.0 	1
2663.0	3225.0 	1
3911.0	80.0 	4
2026.0	1496.0 	3
2752.0	2393.0 	4
4822.0	4071.0 	1
1604.0	2016.0 	3
2161.0	1387.0 	3
4686.0	1245.0 	4
2464.0	4429.0 	2
493.0	1059.0 	3
1442.0	1584.0 	3
542.0	1582.0 	3
109.0	655.0 	3
4670.0	4329.0 	1
4175.0	2716.0 	1
327.0	1633.0 	3
3694.0	1717.0 	4
4848.0	2523.0 	1
2737.0	624.0 	4
949.0	4773.0 	2
1214.0	1018.0 	3
4546.0	815.0 	4
1746.0	1968.0 	3
2504.0	2491.0 	4
4378.0	3258.0 	1
3162.0	4699.0 	1
735.0	263.0 	3
4526.0	3588.0 	1
1779.0	3111.0 	2
507.0	4622.0 	2
1502.0	2123.0 	3
4351.0	215.0 	4
2426.0	4935.0 	2
4143.0	1446.0 	4
1687.0	3672.0 	2
3176.0	1957.0 	4
3026.0	3841.0 	1
1093.0	3253.0 	2
1156.0	4099.0 	2
476.0	4117.0 	2
680.0	4978.0 	2
119.0	3449.0 	2
4593.0	4926.0 	1
219.0	3205.0 	2
738.0	2168.0 	3
4895.0	4395.0 	1
201.0	1003.0 	3
315.0	502.0 	3
4148.0	4467.0 	1
745.0	2165.0 	3
3370.0	3270.0 	1
1400.0	2047.0 	3
2445.0	299.0 	4
1396.0	3649.0 	2
4178.0	1343.0 	4
3165.0	4318.0 	1
13.0	2636.0 	2
4218.0	3195.0 	1
755.0	2176.0 	3
2322.0	3719.0 	2
3442.0	198.0 	4
596.0	2155.0 	3
2776.0	1826.0 	4
2281.0	25.0 	3
2107.0	402.0 	3
2372.0	50.0 	3
1689.0	3572.0 	2
320.0	4384.0 	2
2313.0	98.0 	3
1687.0	1591.0 	3
56.0	684.0 	3
2991.0	1219.0 	4
294.0	1084.0 	3
3464.0	321.0 	4
364.0	1169.0 	3
2070.0	1361.0 	3
752.0	1203.0 	3
2411.0	3856.0 	2
3390.0	2257.0 	4
3870.0	1662.0 	4
530.0	1291.0 	3
168.0	2144.0 	3
473.0	3492.0 	2
3992.0	1316.0 	4
2063.0	433.0 	3
261.0	1819.0 	3
56.0	4064.0 	2
1954.0	4369.0 	2
4498.0	4421.0 	1
554.0	2978.0 	2
240.0	1340.0 	3
2492.0	2433.0 	4
1986.0	4058.0 	2
4864.0	4955.0 	1
4985.0	3022.0 	1
3600.0	695.0 	4
1756.0	2224.0 	3
4025.0	3977.0 	1
4501.0	4307.0 	1
4879.0	4823.0 	1
1487.0	1599.0 	3
1472.0	2230.0 	3
1566.0	3655.0 	2
703.0	1508.0 	3
4015.0	2224.0 	4
2061.0	1826.0 	3
710.0	1256.0 	3
2063.0	4603.0 	2
2125.0	1257.0 	3
4907.0	1191.0 	4
2121.0	1296.0 	3
3099.0	932.0 	4
695.0	3367.0 	2
818.0	935.0 	3
4071.0	4724.0 	1
3441.0	1533.0 	4
251.0	709.0 	3
4617.0	666.0 	4
1841.0	3194.0 	2
1235.0	4517.0 	2
4531.0	494.0 	4
1668.0	4730.0 	2
2069.0	4707.0 	2
3791.0	3449.0 	1
2451.0	2697.0 	2
474.0	1509.0 	3
3921.0	2315.0 	4
3598.0	2906.0 	1
1013.0	3800.0 	2
689.0	594.0 	3
60.0	3653.0 	2
717.0	4859.0 	2
4630.0	698.0 	4
1311.0	4994.0 	2
2594.0	2978.0 	1
3474.0	4970.0 	1
3295.0	258.0 	4
3756.0	1328.0 	4
3501.0	4400.0 	1
3310.0	1409.0 	4
85.0	2556.0 	3
3020.0	842.0 	4
4492.0	2364.0 	4
3052.0	494.0 	4
159.0	1645.0 	3
1768.0	2687.0 	2
3124.0	562.0 	4
4724.0	3635.0 	1
4295.0	2143.0 	4
3721.0	4957.0 	1
3552.0	3151.0 	1
2592.0	3635.0 	1
483.0	2186.0 	3
3476.0	1982.0 	4
2956.0	4446.0 	1
4948.0	209.0 	4
1983.0	558.0 	3
2503.0	1918.0 	4
1346.0	4143.0 	2
3769.0	627.0 	4
2912.0	3168.0 	1
3149.0	1873.0 	4
2216.0	2690.0 	2
2794.0	1596.0 	4
3327.0	4867.0 	1
4351.0	588.0 	4
2663.0	531.0 	4
1962.0	1996.0 	3
2455.0	1469.0 	3
3948.0	3644.0 	1
685.0	4599.0 	2
2049.0	1001.0 	3
1340.0	4055.0 	2
1568.0	2000.0 	3
4767.0	650.0 	4
2789.0	3975.0 	1
459.0	2662.0 	2
94.0	3676.0 	2
2253.0	4464.0 	2
129.0	4479.0 	2
4205.0	3473.0 	1
958.0	3734.0 	2
3516.0	4247.0 	1
2316.0	4178.0 	2
1496.0	4723.0 	2
3081.0	4332.0 	1
2990.0	1612.0 	4
4153.0	4554.0 	1
4279.0	3026.0 	1
1147.0	992.0 	3
4021.0	1698.0 	4
1257.0	712.0 	3
1907.0	4914.0 	2
659.0	1921.0 	3
585.0	1089.0 	3
4061.0	199.0 	4
3692.0	3743.0 	1
1507.0	2896.0 	2
4538.0	1731.0 	4
1058.0	1931.0 	3
1579.0	555.0 	3
217.0	3309.0 	2
398.0	741.0 	3
2168.0	4399.0 	2
3635.0	1628.0 	4
4692.0	194.0 	4
3199.0	670.0 	4
4625.0	1516.0 	4
2840.0	1170.0 	4
352.0	1869.0 	3
4707.0	1302.0 	4
72.0	2264.0 	3
2180.0	1428.0 	3
1219.0	1151.0 	3
593.0	3621.0 	2
2114.0	3628.0 	2
845.0	3752.0 	2
1985.0	4401.0 	2
75.0	4285.0 	2
2291.0	2148.0 	3
2083.0	1926.0 	3
2819.0	2380.0 	4
4525.0	3745.0 	1
2911.0	2173.0 	4
2681.0	2507.0 	4
3429.0	2458.0 	4
2354.0	4646.0 	2
1749.0	2904.0 	2
450.0	4628.0 	2
256.0	2111.0 	3
3831.0	318.0 	4
3912.0	443.0 	4
1269.0	4204.0 	2
3519.0	4604.0 	1
2149.0	2466.0 	3
4207.0	1179.0 	4
3589.0	2268.0 	4
2181.0	2063.0 	3
3421.0	2588.0 	1
1868.0	205.0 	3
4609.0	3336.0 	1
2995.0	4684.0 	1
1085.0	4327.0 	2
4687.0	2428.0 	4
2.0	4068.0 	2
3689.0	4355.0 	1
1794.0	1973.0 	3
1679.0	3846.0 	2
2268.0	2618.0 	2
4497.0	3102.0 	1
2053.0	790.0 	3
1476.0	1763.0 	3
2151.0	182.0 	3
1875.0	2595.0 	2
411.0	993.0 	3
4856.0	3945.0 	1
548.0	964.0 	3
646.0	1948.0 	3
1601.0	3542.0 	2
640.0	2289.0 	3
726.0	27.0 	3
3233.0	1877.0 	4
1877.0	584.0 	3
1134.0	4267.0 	2
2641.0	3384.0 	1
1372.0	3868.0 	2
13.0	4401.0 	2
1042.0	3019.0 	2
409.0	4141.0 	2
3537.0	279.0 	4
2152.0	2443.0 	3
3063.0	2469.0 	4
3876.0	289.0 	4
845.0	1799.0 	3
3759.0	4654.0 	1
151.0	393.0 	3
664.0	3326.0 	2
2639.0	2668.0 	1
4186.0	2243.0 	4
1358.0	2839.0 	2
22.0	3130.0 	2
1560.0	4540.0 	2
2763.0	4724.0 	1
3400.0	4149.0 	1
708.0	757.0 	3
2716.0	4978.0 	1
82.0	2741.0 	2
4533.0	2640.0 	1
3496.0	3371.0 	1
1433.0	1189.0 	3
837.0	4247.0 	2
679.0	4176.0 	2
4635.0	791.0 	4
1773.0	3917.0 	2
1667.0	2909.0 	2
4843.0	1252.0 	4
1475.0	3492.0 	2
3056.0	3327.0 	1
1971.0	3443.0 	2
2083.0	334.0 	3
2247.0	3693.0 	2
585.0	923.0 	3
1178.0	3963.0 	2
4292.0	3800.0 	1
4203.0	2215.0 	4
3730.0	757.0 	4
4549.0	4966.0 	1
4099.0	454.0 	4
2866.0	1405.0 	4
2563.0	4427.0 	1
2568.0	4913.0 	1
4884.0	1476.0 	4
243.0	4259.0 	2
3445.0	1668.0 	4
578.0	4212.0 	2
1486.0	770.0 	3
2059.0	3550.0 	2
60.0	1832.0 	3
1545.0	4544.0 	2
2788.0	24.0 	4
2610.0	608.0 	4
1710.0	127.0 	3
442.0	4815.0 	2
1312.0	412.0 	3
1757.0	479.0 	3
1412.0	507.0 	3
1019.0	586.0 	3
2846.0	3982.0 	1
962.0	2667.0 	2
2176.0	1136.0 	3
1433.0	2736.0 	2
1851.0	2294.0 	3
537.0	2422.0 	3
1175.0	4709.0 	2
1818.0	4794.0 	2
819.0	3399.0 	2
755.0	4416.0 	2
3334.0	656.0 	4
2605.0	873.0 	4
4343.0	591.0 	4
4477.0	2248.0 	4
4239.0	4514.0 	1
3791.0	3048.0 	1
4370.0	422.0 	4
1058.0	2184.0 	3
1385.0	2562.0 	2
3570.0	3131.0 	1
822.0	1873.0 	3
1612.0	4115.0 	2
3504.0	2957.0 	1
1220.0	796.0 	3
2935.0	4757.0 	1
1591.0	1861.0 	3
2449.0	4534.0 	2
1551.0	4735.0 	2
4689.0	613.0 	4
1878.0	666.0 	3
1267.0	1579.0 	3
4470.0	2380.0 	4
2631.0	740.0 	4
3621.0	1927.0 	4
910.0	36.0 	3
1742.0	2570.0 	2
4465.0	4434.0 	1
1586.0	4304.0 	2
1433.0	316.0 	3
4341.0	3797.0 	1
2353.0	1695.0 	3
4287.0	3888.0 	1
1431.0	2419.0 	3
4421.0	851.0 	4
4251.0	4934.0 	1
3763.0	3472.0 	1
3361.0	1223.0 	4
2031.0	1422.0 	3
2274.0	2303.0 	3
4135.0	1069.0 	4
4959.0	4413.0 	1
2484.0	1678.0 	4
2596.0	3017.0 	1
4631.0	2497.0 	1
4867.0	4149.0 	1
4069.0	3516.0 	1
4944.0	1971.0 	4
1515.0	1460.0 	3
3724.0	4884.0 	1
4524.0	1353.0 	4
3211.0	128.0 	4
458.0	3996.0 	2
1844.0	4197.0 	2
145.0	4096.0 	2
4187.0	3976.0 	1
805.0	502.0 	3
720.0	2487.0 	3
3288.0	2537.0 	1
3778.0	3339.0 	1
1455.0	397.0 	3
3908.0	3563.0 	1
1925.0	3285.0 	2
2976.0	3212.0 	1
2553.0	142.0 	4
305.0	41.0 	3
1201.0	3101.0 	2
3517.0	3844.0 	1
1709.0	1619.0 	3
681.0	2425.0 	3
977.0	3522.0 	2
579.0	2028.0 	3
410.0	723.0 	3
3043.0	2369.0 	4
4646.0	1995.0 	4
4387.0	4366.0 	1
1152.0	2285.0 	3
252.0	3629.0 	2
745.0	3900.0 	2
3689.0	3254.0 	1
4785.0	1800.0 	4
2709.0	3724.0 	1
3553.0	2163.0 	4
4890.0	3328.0 	1
4937.0	2419.0 	4
1493.0	4880.0 	2
3678.0	679.0 	4
4004.0	862.0 	4
1090.0	1202.0 	3
42.0	1907.0 	3
445.0	397.0 	3
4700.0	109.0 	4
3255.0	4305.0 	1
3503.0	4407.0 	1
4604.0	2731.0 	1
1421.0	2790.0 	2
4809.0	2287.0 	4
4919.0	4171.0 	1
1918.0	972.0 	3
1123.0	4462.0 	2
3212.0	2823.0 	1
1067.0	271.0 	3
3594.0	1671.0 	4
2591.0	1371.0 	4
3808.0	349.0 	4
4885.0	715.0 	4
2444.0	2924.0 	2
3818.0	794.0 	4
3779.0	223.0 	4
1835.0	1777.0 	3
348.0	4455.0 	2
45.0	3785.0 	2
302.0	2062.0 	3
3532.0	299.0 	4
2681.0	502.0 	4
2407.0	1276.0 	3
1620.0	3398.0 	2
1856.0	60.0 	3
3757.0	3564.0 	1
3421.0	4510.0 	1
897.0	3408.0 	2
4123.0	1496.0 	4
908.0	4855.0 	2
2090.0	3417.0 	2
2019.0	3171.0 	2
2239.0	3495.0 	2
1154.0	26.0 	3
3258.0	2095.0 	4
4203.0	3873.0 	1
3071.0	3033.0 	1
1758.0	1003.0 	3
570.0	4563.0 	2
3397.0	518.0 	4
1887.0	393.0 	3
4839.0	3796.0 	1
3946.0	4097.0 	1
1940.0	2302.0 	3
3076.0	4511.0 	1
729.0	3976.0 	2
1644.0	1509.0 	3
1701.0	1427.0 	3
195.0	4592.0 	2
4850.0	297.0 	4
3617.0	2482.0 	4
2656.0	1331.0 	4
4229.0	3587.0 	1
3368.0	4118.0 	1
4322.0	2326.0 	4
2932.0	4997.0 	1
2251.0	1981.0 	3
2922.0	74.0 	4
4667.0	4131.0 	1
1703.0	881.0 	3
3988.0	4184.0 	1
3891.0	3193.0 	1
3308.0	3074.0 	1
3523.0	573.0 	4
4797.0	2042.0 	4
1895.0	3351.0 	2
4926.0	3012.0 	1
943.0	2473.0 	3
522.0	2219.0 	3
3330.0	4840.0 	1
1632.0	2163.0 	3
4662.0	510.0 	4
1582.0	4331.0 	2
3604.0	3819.0 	1
863.0	766.0 	3
1349.0	1515.0 	3
2560.0	4785.0 	1
2199.0	713.0 	3
678.0	4801.0 	2
1295.0	2979.0 	2
1474.0	3881.0 	2
2389.0	2052.0 	3
982.0	3628.0 	2
855.0	1891.0 	3
3789.0	383.0 	4
1464.0	1513.0 	3
772.0	4876.0 	2
3265.0	453.0 	4
636.0	1092.0 	3
2996.0	2060.0 	4
4144.0	4508.0 	1
285.0	2869.0 	2
1106.0	3965.0 	2
1099.0	4839.0 	2
1685.0	2813.0 	2
2221.0	3980.0 	2
2551.0	48.0 	4
4844.0	2164.0 	4
1840.0	4332.0 	2
3162.0	3898.0 	1
466.0	4722.0 	2
3878.0	3702.0 	1
3645.0	1888.0 	4
2936.0	3625.0 	1
236.0	4892.0 	2
4438.0	3160.0 	1
3515.0	3438.0 	1
2422.0	2801.0 	2
480.0	2688.0 	2
1668.0	57.0 	3
4332.0	1808.0 	4
4992.0	2062.0 	4
2787.0	4027.0 	1
4939.0	2839.0 	1
1146.0	3578.0 	2
3038.0	4351.0 	1
3318.0	4684.0 	1
3225.0	4009.0 	1
2343.0	3679.0 	2
1900.0	3569.0 	2
2491.0	2902.0 	2
353.0	2115.0 	3
2759.0	2770.0 	1
4166.0	3441.0 	1
2379.0	233.0 	3
4640.0	2995.0 	1
2016.0	334.0 	3
3484.0	973.0 	4
2191.0	1425.0 	3
3497.0	3198.0 	1
249.0	182.0 	3
437.0	2127.0 	3
1321.0	3322.0 	2
4910.0	3028.0 	1
63.0	3401.0 	2
325.0	3572.0 	2
400.0	576.0 	3
3768.0	4892.0 	1
2745.0	1704.0 	4
173.0	1550.0 	3
1049.0	4796.0 	2
757.0	3202.0 	2
1483.0	1494.0 	3
3216.0	2620.0 	1
3814.0	863.0 	4
866.0	2443.0 	3
751.0	494.0 	3
533.0	855.0 	3
4326.0	4781.0 	1
4841.0	10.0 	4
3499.0	3144.0 	1
1002.0	4272.0 	2
4112.0	4649.0 	1
1795.0	967.0 	3
4268.0	2837.0 	1
2448.0	4561.0 	2
3333.0	4308.0 	1
2111.0	4332.0 	2
3417.0	4331.0 	1
96.0	685.0 	3
1953.0	973.0 	3
1315.0	345.0 	3
142.0	3061.0 	2
2430.0	1996.0 	3
4230.0	3889.0 	1
1029.0	1942.0 	3
5.0	3839.0 	2
3297.0	656.0 	4
1817.0	4425.0 	2
1999.0	172.0 	3
1468.0	1996.0 	3
208.0	436.0 	3
1071.0	3618.0 	2
1011.0	4664.0 	2
2334.0	865.0 	3
333.0	541.0 	3
2493.0	1652.0 	4
2674.0	4154.0 	1
2455.0	2381.0 	3
4629.0	4287.0 	1
622.0	203.0 	3
4778.0	2151.0 	4
513.0	1958.0 	3
3269.0	4031.0 	1
1395.0	2019.0 	3
2190.0	621.0 	3
4098.0	4534.0 	1
3197.0	3882.0 	1
4978.0	1063.0 	4
1526.0	244.0 	3
1433.0	2719.0 	2
3363.0	4123.0 	1
2476.0	1926.0 	4
3539.0	581.0 	4
2467.0	2571.0 	2
1062.0	3502.0 	2
588.0	1028.0 	3
2411.0	2047.0 	3
1247.0	3026.0 	2
969.0	303.0 	3
4139.0	561.0 	4
3167.0	4780.0 	1
2885.0	836.0 	4
2301.0	353.0 	3
3122.0	4673.0 	1
3421.0	2897.0 	1
2942.0	2017.0 	4
647.0	4783.0 	2
4937.0	3088.0 	1
1904.0	1978.0 	3
4722.0	4695.0 	1
4374.0	4361.0 	1
193.0	2023.0 	3
2810.0	3262.0 	1
4059.0	2206.0 	4
4231.0	4379.0 	1
3356.0	3348.0 	1
3490.0	1941.0 	4
1945.0	2823.0 	2
1707.0	61.0 	3
4048.0	1276.0 	4
547.0	2279.0 	3
886.0	3639.0 	2
2751.0	4332.0 	1
3425.0	422.0 	4
2387.0	4101.0 	2
1741.0	4558.0 	2
4865.0	2442.0 	4
2285.0	1409.0 	3
1244.0	2246.0 	3
3990.0	420.0 	4
3698.0	4529.0 	1
503.0	336.0 	3
4055.0	2818.0 	1
4407.0	2425.0 	4
1484.0	4812.0 	2
3683.0	2285.0 	4
2529.0	4295.0 	1
246.0	2332.0 	3
1819.0	4217.0 	2
4733.0	3222.0 	1
4224.0	1934.0 	4
459.0	1811.0 	3
4573.0	1705.0 	4
1456.0	1020.0 	3
310.0	1400.0 	3
2593.0	3587.0 	1
3156.0	4438.0 	1
4827.0	1536.0 	4
2162.0	201.0 	3
3740.0	2226.0 	4
3319.0	2006.0 	4
954.0	3060.0 	2
997.0	1169.0 	3
2504.0	1067.0 	4
3862.0	966.0 	4
2729.0	2123.0 	4
3371.0	2792.0 	1
3644.0	1354.0 	4
3677.0	2710.0 	1
663.0	4526.0 	2
3642.0	4326.0 	1
2021.0	363.0 	3
1210.0	3896.0 	2
204.0	3979.0 	2
642.0	2425.0 	3
267.0	1863.0 	3
2767.0	826.0 	4
3470.0	1565.0 	4
4589.0	1174.0 	4
1316.0	1148.0 	3
2861.0	1933.0 	4
3589.0	385.0 	4
4928.0	3035.0 	1
1766.0	4757.0 	2
3047.0	3604.0 	1
19.0	919.0 	3
1211.0	4846.0 	2
3022.0	633.0 	4
4830.0	4628.0 	1
2054.0	2678.0 	2
1238.0	587.0 	3
4062.0	402.0 	4
2091.0	4146.0 	2
1957.0	1843.0 	3
3218.0	2553.0 	1
961.0	1836.0 	3
1832.0	951.0 	3
3428.0	154.0 	4
