151.0	150.0	1
153.0	143.0	1
148.0	147.0	1
147.0	148.0	1
153.0	141.0	1
154.0	140.0	1
144.0	149.0	1
153.0	138.0	1
145.0	143.0	1
154.0	128.0	1
146.0	133.0	1
131.0	149.0	1
148.0	129.0	1
153.0	125.0	1
152.0	125.0	1
153.0	124.0	1
144.0	131.0	1
133.0	140.0	1
135.0	136.0	1
125.0	148.0	1
148.0	124.0	1
137.0	133.0	1
144.0	126.0	1
133.0	136.0	1
138.0	131.0	1
123.0	147.0	1
150.0	119.0	1
128.0	136.0	1
125.0	139.0	1
146.0	119.0	1
149.0	117.0	1
142.0	122.0	1
119.0	145.0	1
137.0	125.0	1
142.0	119.0	1
116.0	146.0	1
114.0	149.0	1
114.0	147.0	1
118.0	142.0	1
125.0	134.0	1
137.0	122.0	1
130.0	128.0	1
113.0	147.0	1
120.0	138.0	1
133.0	124.0	1
154.0	109.0	1
140.0	117.0	1
133.0	123.0	1
152.0	108.0	1
150.0	109.0	1
124.0	131.0	1
108.0	151.0	1
109.0	148.0	1
108.0	147.0	1
149.0	107.0	1
131.0	121.0	1
106.0	150.0	1
133.0	119.0	1
136.0	116.0	1
154.0	103.0	1
148.0	106.0	1
141.0	111.0	1
132.0	118.0	1
119.0	130.0	1
140.0	110.0	1
118.0	130.0	1
132.0	115.0	1
146.0	104.0	1
111.0	136.0	1
102.0	148.0	1
107.0	139.0	1
106.0	139.0	1
107.0	137.0	1
102.0	143.0	1
115.0	126.0	1
103.0	140.0	1
99.0	147.0	1
116.0	124.0	1
132.0	109.0	1
100.0	143.0	1
130.0	110.0	1
117.0	122.0	1
125.0	114.0	1
117.0	121.0	1
112.0	126.0	1
99.0	141.0	1
129.0	108.0	1
143.0	99.0	1
98.0	142.0	1
117.0	118.0	1
108.0	127.0	1
118.0	116.0	1
96.0	142.0	1
120.0	112.0	1
100.0	134.0	1
133.0	101.0	1
124.0	108.0	1
134.0	100.0	1
141.0	96.0	1
106.0	125.0	1
114.0	116.0	1
138.0	96.0	1
117.0	113.0	1
112.0	118.0	1
98.0	134.0	1
105.0	125.0	1
100.0	131.0	1
98.0	133.0	1
153.0	88.0	1
132.0	98.0	1
113.0	114.0	1
137.0	94.0	1
126.0	102.0	1
152.0	75.0	1
152.0	70.0	1
152.0	67.0	1
149.0	70.0	1
154.0	55.0	1
147.0	72.0	1
147.0	69.0	1
146.0	51.0	1
153.0	32.0	1
153.0	29.0	1
152.0	26.0	1
151.0	22.0	1
149.0	41.0	1
149.0	25.0	1
159.0	8.0	1
153.0	10.0	1
153.0	0.0	1
151.0	1.0	1
149.0	21.0	1
148.0	8.0	1
148.0	7.0	1
147.0	39.0	1
146.0	21.0	1
145.0	19.0	1
145.0	4.0	1
144.0	0.0	1
144.0	4.0	1
144.0	69.0	1
144.0	86.0	1
143.0	0.0	1
143.0	2.0	1
143.0	80.0	1
143.0	70.0	1
142.0	46.0	1
142.0	19.0	1
141.0	0.0	1
141.0	12.0	1
141.0	77.0	1
141.0	28.0	1
140.0	0.0	1
140.0	1.0	1
140.0	9.0	1
140.0	31.0	1
140.0	43.0	1
140.0	79.0	1
140.0	11.0	1
139.0	68.0	1
138.0	0.0	1
138.0	78.0	1
138.0	56.0	1
137.0	19.0	1
137.0	31.0	1
137.0	47.0	1
137.0	65.0	1
137.0	91.0	1
137.0	74.0	1
137.0	63.0	1
136.0	42.0	1
136.0	77.0	1
135.0	59.0	1
135.0	82.0	1
135.0	58.0	1
134.0	12.0	1
134.0	36.0	1
133.0	8.0	1
133.0	93.0	1
133.0	15.0	1
133.0	21.0	1
132.0	10.0	1
132.0	46.0	1
132.0	14.0	1
132.0	27.0	1
132.0	61.0	1
131.0	39.0	1
130.0	38.0	1
130.0	17.0	1
130.0	88.0	1
129.0	11.0	1
129.0	22.0	1
129.0	62.0	1
129.0	64.0	1
129.0	90.0	1
129.0	69.0	1
129.0	52.0	1
128.0	11.0	1
128.0	52.0	1
128.0	95.0	1
127.0	93.0	1
126.0	28.0	1
126.0	55.0	1
126.0	54.0	1
125.0	0.0	1
125.0	1.0	1
125.0	5.0	1
125.0	11.0	1
125.0	39.0	1
125.0	71.0	1
125.0	102.0	1
125.0	35.0	1
124.0	29.0	1
124.0	58.0	1
124.0	10.0	1
124.0	75.0	1
124.0	42.0	1
123.0	32.0	1
123.0	86.0	1
123.0	74.0	1
122.0	24.0	1
122.0	48.0	1
122.0	70.0	1
122.0	59.0	1
121.0	30.0	1
121.0	69.0	1
121.0	99.0	1
121.0	33.0	1
121.0	87.0	1
120.0	7.0	1
120.0	65.0	1
120.0	106.0	1
120.0	34.0	1
120.0	19.0	1
119.0	79.0	1
119.0	64.0	1
119.0	95.0	1
119.0	74.0	1
119.0	65.0	1
118.0	81.0	1
118.0	38.0	1
118.0	55.0	1
117.0	17.0	1
117.0	106.0	1
116.0	72.0	1
116.0	98.0	1
116.0	36.0	1
115.0	13.0	1
115.0	56.0	1
115.0	21.0	1
115.0	81.0	1
114.0	13.0	1
114.0	98.0	1
114.0	11.0	1
114.0	63.0	1
114.0	12.0	1
114.0	111.0	1
113.0	20.0	1
113.0	75.0	1
112.0	44.0	1
112.0	53.0	1
112.0	64.0	1
112.0	71.0	1
112.0	79.0	1
112.0	83.0	1
111.0	52.0	1
111.0	74.0	1
110.0	19.0	1
110.0	103.0	1
110.0	69.0	1
110.0	68.0	1
110.0	96.0	1
110.0	64.0	1
109.0	57.0	1
109.0	71.0	1
109.0	18.0	1
109.0	64.0	1
109.0	45.0	1
109.0	82.0	1
109.0	20.0	1
109.0	66.0	1
108.0	38.0	1
108.0	55.0	1
108.0	67.0	1
108.0	103.0	1
108.0	61.0	1
107.0	27.0	1
107.0	50.0	1
107.0	86.0	1
107.0	23.0	1
107.0	45.0	1
107.0	44.0	1
104.0	5.0	1
106.0	32.0	1
100.0	12.0	1
95.0	2.0	1
97.0	12.0	1
96.0	10.0	1
97.0	14.0	1
94.0	5.0	1
98.0	20.0	1
97.0	24.0	1
94.0	18.0	1
93.0	16.0	1
92.0	15.0	1
101.0	43.0	1
90.0	15.0	1
89.0	15.0	1
94.0	35.0	1
99.0	54.0	1
98.0	60.0	1
104.0	75.0	1
89.0	47.0	1
90.0	50.0	1
104.0	86.0	1
101.0	82.0	1
93.0	64.0	1
101.0	83.0	1
83.0	36.0	1
101.0	92.0	1
96.0	82.0	1
106.0	105.0	1
83.0	51.0	1
96.0	89.0	1
80.0	49.0	1
79.0	52.0	1
84.0	71.0	1
86.0	71.0	1
83.0	78.0	1
76.0	82.0	1
77.0	85.0	1
81.0	93.0	1
92.0	98.0	1
79.0	100.0	1
78.0	101.0	1
98.0	104.0	1
93.0	109.0	1
91.0	109.0	1
95.0	111.0	1
78.0	112.0	1
100.0	112.0	1
80.0	113.0	1
93.0	115.0	1
90.0	116.0	1
98.0	119.0	1
90.0	119.0	1
80.0	120.0	1
103.0	121.0	1
94.0	124.0	1
79.0	137.0	1
92.0	137.0	1
84.0	141.0	1
81.0	151.0	1
95.0	127.0	1
88.0	58.0	1
77.0	144.0	1
76.0	127.0	1
102.0	49.0	1
91.0	79.0	1
97.0	22.0	1
97.0	100.0	1
89.0	142.0	1
82.0	142.0	1
90.0	41.0	1
104.0	23.0	1
99.0	118.0	1
97.0	28.0	1
79.0	110.0	1
99.0	47.0	1
78.0	143.0	1
94.0	112.0	1
100.0	64.0	1
88.0	41.0	1
99.0	62.0	1
80.0	87.0	1
99.0	114.0	1
88.0	47.0	1
87.0	112.0	1
103.0	8.0	1
106.0	51.0	1
102.0	76.0	1
93.0	36.0	1
88.0	45.0	1
87.0	69.0	1
76.0	43.0	1
92.0	123.0	1
88.0	98.0	1
96.0	84.0	1
95.0	71.0	1
99.0	59.0	1
105.0	88.0	1
106.0	35.0	1
91.0	47.0	1
105.0	32.0	1
81.0	80.0	1
97.0	104.0	1
104.0	37.0	1
104.0	48.0	1
87.0	119.0	1
81.0	81.0	1
104.0	122.0	1
79.0	118.0	1
98.0	111.0	1
76.0	91.0	1
85.0	106.0	1
103.0	80.0	1
91.0	46.0	1
89.0	112.0	1
92.0	97.0	1
104.0	25.0	1
75.0	67.0	1
91.0	122.0	1
93.0	130.0	1
95.0	0.0	1
91.0	121.0	1
99.0	58.0	1
135.0	83.0	1
149.0	28.0	1
157.0	108.0	1
129.0	56.0	1
110.0	70.0	1
119.0	85.0	1
114.0	96.0	1
137.0	126.0	1
130.0	60.0	1
157.0	116.0	1
99.0	119.0	1
78.0	88.0	1
125.0	126.0	1
119.0	70.0	1
100.0	126.0	1
132.0	100.0	1
149.0	88.0	1
107.0	13.0	1
152.0	71.0	1
133.0	112.0	1
136.0	114.0	1
135.0	109.0	1
114.0	15.0	1
94.0	80.0	1
149.0	45.0	1
153.0	103.0	1
89.0	100.0	1
123.0	123.0	1
87.0	2.0	1
115.0	107.0	1
141.0	20.0	1
115.0	145.0	1
153.0	137.0	1
98.0	46.0	1
120.0	42.0	1
85.0	43.0	1
77.0	124.0	1
154.0	18.0	1
147.0	144.0	1
78.0	41.0	1
92.0	138.0	1
150.0	48.0	1
112.0	25.0	1
137.0	80.0	1
105.0	113.0	1
118.0	18.0	1
90.0	80.0	1
133.0	76.0	1
126.0	61.0	1
127.0	67.0	1
129.0	46.0	1
143.0	92.0	1
118.0	73.0	1
113.0	59.0	1
118.0	13.0	1
89.0	75.0	1
121.0	55.0	1
79.0	85.0	1
139.0	106.0	1
154.0	120.0	1
89.0	149.0	1
152.0	80.0	1
89.0	113.0	1
144.0	76.0	1
87.0	51.0	1
81.0	20.0	1
119.0	45.0	1
92.0	136.0	1
142.0	77.0	1
97.0	143.0	1
82.0	123.0	1
140.0	37.0	1
84.0	52.0	1
138.0	89.0	1
117.0	101.0	1
147.0	12.0	1
150.0	105.0	1
136.0	141.0	1
141.0	116.0	1
142.0	47.0	1
128.0	90.0	1
151.0	107.0	1
139.0	57.0	1
95.0	35.0	1
115.0	34.0	1
150.0	45.0	1
137.0	58.0	1
86.0	69.0	1
140.0	125.0	1
123.0	46.0	1
150.0	49.0	1
111.0	6.0	1
121.0	140.0	1
93.0	104.0	1
77.0	102.0	1
131.0	95.0	1
98.0	107.0	1
108.0	79.0	1
90.0	103.0	1
97.0	127.0	1
114.0	49.0	1
125.0	38.0	1
128.0	54.0	1
96.0	123.0	1
88.0	69.0	1
85.0	52.0	1
95.0	128.0	1
136.0	12.0	1
97.0	38.0	1
116.0	42.0	1
106.0	102.0	1
131.0	63.0	1
137.0	59.0	1
102.0	104.0	1
114.0	142.0	1
96.0	5.0	1
96.0	88.0	1
151.0	5.0	1
90.0	74.0	1
152.0	53.0	1
107.0	134.0	1
95.0	101.0	1
119.0	48.0	1
117.0	148.0	1
129.0	58.0	1
116.0	119.0	1
95.0	142.0	1
154.0	66.0	1
102.0	55.0	1
137.0	66.0	1
148.0	86.0	1
103.0	26.0	1
117.0	12.0	1
104.0	60.0	1
132.0	23.0	1
94.0	86.0	1
79.0	92.0	1
106.0	149.0	1
144.0	102.0	1
80.0	25.0	1
144.0	3.0	1
82.0	140.0	1
80.0	85.0	1
127.0	20.0	1
142.0	13.0	1
132.0	146.0	1
120.0	9.0	1
87.0	96.0	1
120.0	40.0	1
108.0	93.0	1
136.0	80.0	1
97.0	68.0	1
151.0	116.0	1
142.0	96.0	1
148.0	79.0	1
142.0	49.0	1
116.0	136.0	1
137.0	116.0	1
87.0	72.0	1
154.0	98.0	1
132.0	21.0	1
77.0	121.0	1
109.0	2.0	1
148.0	52.0	1
121.0	141.0	1
149.0	80.0	1
131.0	51.0	1
81.0	145.0	1
108.0	91.0	1
113.0	31.0	1
92.0	22.0	1
96.0	67.0	1
134.0	55.0	1
119.0	60.0	1
95.0	22.0	1
132.0	69.0	1
106.0	130.0	1
89.0	77.0	1
150.0	112.0	1
84.0	142.0	1
83.0	65.0	1
141.0	128.0	1
118.0	54.0	1
79.0	111.0	1
128.0	103.0	1
92.0	90.0	1
76.0	147.0	1
135.0	91.0	1
103.0	107.0	1
111.0	98.0	1
130.0	101.0	1
140.0	38.0	1
97.0	62.0	1
140.0	27.0	1
90.0	32.0	1
116.0	13.0	1
124.0	15.0	1
84.0	58.0	1
105.0	45.0	1
150.0	136.0	1
88.0	63.0	1
76.0	64.0	1
113.0	103.0	1
78.0	91.0	1
76.0	105.0	1
94.0	15.0	1
146.0	111.0	1
90.0	84.0	1
87.0	44.0	1
88.0	147.0	1
146.0	106.0	1
100.0	10.0	1
140.0	102.0	1
79.0	8.0	1
106.0	132.0	1
125.0	79.0	1
140.0	41.0	1
95.0	31.0	1
94.0	82.0	1
141.0	25.0	1
137.0	11.0	1
92.0	42.0	1
295.0	163.0	2
294.0	164.0	2
299.0	150.0	2
291.0	153.0	2
288.0	156.0	2
295.0	147.0	2
290.0	147.0	2
296.0	140.0	2
290.0	143.0	2
289.0	144.0	2
289.0	141.0	2
284.0	147.0	2
286.0	142.0	2
293.0	135.0	2
294.0	134.0	2
282.0	144.0	2
288.0	137.0	2
297.0	128.0	2
280.0	143.0	2
299.0	124.0	2
287.0	134.0	2
277.0	145.0	2
293.0	127.0	2
292.0	127.0	2
293.0	125.0	2
299.0	118.0	2
295.0	120.0	2
279.0	135.0	2
272.0	140.0	2
293.0	117.0	2
286.0	122.0	2
282.0	125.0	2
280.0	127.0	2
294.0	114.0	2
281.0	124.0	2
265.0	145.0	2
274.0	130.0	2
276.0	127.0	2
267.0	137.0	2
297.0	109.0	2
288.0	115.0	2
289.0	113.0	2
276.0	125.0	2
267.0	135.0	2
274.0	126.0	2
277.0	122.0	2
295.0	106.0	2
286.0	112.0	2
295.0	105.0	2
289.0	109.0	2
286.0	111.0	2
266.0	130.0	2
259.0	142.0	2
257.0	145.0	2
256.0	147.0	2
272.0	123.0	2
295.0	103.0	2
260.0	135.0	2
285.0	109.0	2
300.0	99.0	2
261.0	132.0	2
281.0	111.0	2
282.0	110.0	2
259.0	133.0	2
252.0	145.0	2
251.0	146.0	2
250.0	147.0	2
282.0	108.0	2
255.0	137.0	2
250.0	144.0	2
268.0	121.0	2
257.0	134.0	2
290.0	101.0	2
285.0	103.0	2
296.0	96.0	2
268.0	118.0	2
252.0	137.0	2
279.0	107.0	2
295.0	95.0	2
288.0	99.0	2
247.0	145.0	2
246.0	145.0	2
250.0	135.0	2
255.0	128.0	2
263.0	118.0	2
246.0	140.0	2
272.0	108.0	2
285.0	97.0	2
248.0	135.0	2
297.0	89.0	2
299.0	84.0	2
300.0	81.0	2
299.0	80.0	2
297.0	81.0	2
297.0	78.0	2
295.0	81.0	2
295.0	77.0	2
294.0	83.0	2
294.0	69.0	2
294.0	68.0	2
298.0	57.0	2
296.0	56.0	2
298.0	49.0	2
297.0	51.0	2
299.0	43.0	2
297.0	41.0	2
296.0	51.0	2
296.0	46.0	2
299.0	32.0	2
296.0	30.0	2
299.0	21.0	2
299.0	18.0	2
297.0	22.0	2
297.0	19.0	2
296.0	21.0	2
296.0	22.0	2
295.0	22.0	2
294.0	51.0	2
294.0	59.0	2
293.0	32.0	2
293.0	65.0	2
296.0	9.0	2
296.0	7.0	2
293.0	9.0	2
293.0	7.0	2
293.0	5.0	2
292.0	47.0	2
292.0	51.0	2
292.0	8.0	2
292.0	23.0	2
291.0	11.0	2
291.0	28.0	2
291.0	42.0	2
291.0	14.0	2
291.0	18.0	2
290.0	32.0	2
290.0	55.0	2
290.0	58.0	2
290.0	78.0	2
290.0	72.0	2
289.0	18.0	2
289.0	54.0	2
288.0	9.0	2
288.0	14.0	2
288.0	87.0	2
288.0	7.0	2
288.0	17.0	2
287.0	39.0	2
287.0	40.0	2
287.0	28.0	2
287.0	33.0	2
288.0	1.0	2
286.0	52.0	2
286.0	81.0	2
286.0	58.0	2
286.0	86.0	2
285.0	52.0	2
285.0	42.0	2
285.0	75.0	2
284.0	10.0	2
284.0	26.0	2
284.0	97.0	2
284.0	15.0	2
284.0	83.0	2
283.0	10.0	2
283.0	65.0	2
283.0	0.0	2
282.0	31.0	2
282.0	39.0	2
281.0	53.0	2
281.0	35.0	2
281.0	78.0	2
280.0	31.0	2
280.0	37.0	2
279.0	9.0	2
279.0	34.0	2
279.0	100.0	2
279.0	78.0	2
279.0	42.0	2
279.0	48.0	2
279.0	6.0	2
278.0	45.0	2
278.0	7.0	2
277.0	70.0	2
277.0	76.0	2
276.0	15.0	2
276.0	78.0	2
276.0	80.0	2
276.0	101.0	2
275.0	84.0	2
275.0	2.0	2
275.0	104.0	2
275.0	9.0	2
275.0	38.0	2
274.0	79.0	2
274.0	94.0	2
274.0	93.0	2
273.0	7.0	2
273.0	92.0	2
273.0	103.0	2
273.0	22.0	2
273.0	74.0	2
273.0	106.0	2
273.0	43.0	2
273.0	95.0	2
272.0	52.0	2
272.0	91.0	2
272.0	100.0	2
272.0	80.0	2
272.0	78.0	2
272.0	101.0	2
271.0	105.0	2
271.0	67.0	2
271.0	81.0	2
270.0	11.0	2
270.0	22.0	2
270.0	36.0	2
270.0	98.0	2
269.0	45.0	2
269.0	17.0	2
269.0	49.0	2
268.0	80.0	2
267.0	5.0	2
267.0	12.0	2
267.0	38.0	2
267.0	44.0	2
267.0	82.0	2
267.0	65.0	2
267.0	67.0	2
266.0	23.0	2
266.0	53.0	2
266.0	108.0	2
266.0	30.0	2
264.0	34.0	2
264.0	61.0	2
264.0	73.0	2
264.0	101.0	2
264.0	103.0	2
264.0	75.0	2
264.0	95.0	2
264.0	90.0	2
263.0	5.0	2
263.0	17.0	2
263.0	71.0	2
263.0	73.0	2
263.0	108.0	2
263.0	109.0	2
262.0	40.0	2
262.0	57.0	2
262.0	102.0	2
262.0	2.0	2
262.0	50.0	2
258.0	4.0	2
257.0	21.0	2
253.0	7.0	2
256.0	21.0	2
253.0	14.0	2
249.0	9.0	2
249.0	12.0	2
258.0	46.0	2
261.0	55.0	2
252.0	36.0	2
249.0	30.0	2
249.0	31.0	2
244.0	15.0	2
261.0	67.0	2
260.0	65.0	2
258.0	65.0	2
255.0	59.0	2
244.0	30.0	2
240.0	12.0	2
241.0	26.0	2
242.0	30.0	2
259.0	75.0	2
240.0	30.0	2
251.0	63.0	2
245.0	48.0	2
240.0	34.0	2
242.0	45.0	2
248.0	64.0	2
258.0	88.0	2
243.0	54.0	2
245.0	61.0	2
236.0	31.0	2
235.0	28.0	2
241.0	50.0	2
254.0	89.0	2
233.0	31.0	2
258.0	100.0	2
253.0	90.0	2
235.0	47.0	2
247.0	80.0	2
254.0	96.0	2
241.0	66.0	2
243.0	72.0	2
256.0	106.0	2
261.0	118.0	2
229.0	43.0	2
241.0	80.0	2
245.0	91.0	2
238.0	75.0	2
238.0	77.0	2
246.0	97.0	2
249.0	106.0	2
249.0	109.0	2
231.0	66.0	2
235.0	78.0	2
234.0	81.0	2
229.0	84.0	2
229.0	87.0	2
228.0	88.0	2
230.0	99.0	2
227.0	104.0	2
226.0	107.0	2
229.0	108.0	2
238.0	111.0	2
251.0	116.0	2
225.0	117.0	2
226.0	118.0	2
240.0	119.0	2
247.0	120.0	2
254.0	121.0	2
234.0	123.0	2
225.0	124.0	2
250.0	126.0	2
230.0	126.0	2
237.0	127.0	2
225.0	128.0	2
229.0	133.0	2
229.0	136.0	2
229.0	138.0	2
229.0	143.0	2
256.0	65.0	2
232.0	96.0	2
233.0	33.0	2
242.0	111.0	2
231.0	44.0	2
254.0	118.0	2
248.0	131.0	2
246.0	42.0	2
228.0	137.0	2
242.0	137.0	2
245.0	22.0	2
257.0	92.0	2
246.0	67.0	2
239.0	49.0	2
233.0	48.0	2
247.0	33.0	2
242.0	27.0	2
233.0	111.0	2
258.0	96.0	2
241.0	59.0	2
257.0	49.0	2
228.0	86.0	2
254.0	61.0	2
244.0	129.0	2
245.0	122.0	2
227.0	55.0	2
233.0	74.0	2
247.0	61.0	2
236.0	112.0	2
258.0	62.0	2
252.0	25.0	2
228.0	111.0	2
237.0	34.0	2
258.0	77.0	2
256.0	75.0	2
247.0	15.0	2
237.0	86.0	2
232.0	53.0	2
243.0	71.0	2
242.0	67.0	2
232.0	126.0	2
241.0	10.0	2
261.0	115.0	2
238.0	101.0	2
228.0	134.0	2
261.0	109.0	2
236.0	26.0	2
258.0	90.0	2
233.0	82.0	2
241.0	121.0	2
235.0	96.0	2
241.0	124.0	2
227.0	72.0	2
253.0	33.0	2
249.0	125.0	2
240.0	118.0	2
245.0	56.0	2
256.0	48.0	2
240.0	27.0	2
256.0	100.0	2
225.0	45.0	2
231.0	67.0	2
251.0	11.0	2
250.0	125.0	2
230.0	84.0	2
226.0	42.0	2
230.0	58.0	2
228.0	85.0	2
241.0	41.0	2
243.0	12.0	2
257.0	30.0	2
257.0	45.0	2
256.0	6.0	2
230.0	128.0	2
225.0	62.0	2
259.0	120.0	2
244.0	7.0	2
247.0	115.0	2
254.0	28.0	2
246.0	38.0	2
244.0	73.0	2
261.0	1.0	2
258.0	73.0	2
241.0	120.0	2
267.0	159.0	2
254.0	114.0	2
275.0	48.0	2
250.0	36.0	2
274.0	10.0	2
282.0	147.0	2
254.0	144.0	2
240.0	102.0	2
300.0	64.0	2
243.0	27.0	2
290.0	117.0	2
242.0	21.0	2
255.0	37.0	2
286.0	0.0	2
289.0	131.0	2
270.0	76.0	2
296.0	72.0	2
275.0	21.0	2
272.0	42.0	2
266.0	13.0	2
271.0	44.0	2
283.0	66.0	2
247.0	126.0	2
287.0	139.0	2
295.0	12.0	2
254.0	9.0	2
245.0	40.0	2
277.0	46.0	2
290.0	119.0	2
264.0	127.0	2
262.0	86.0	2
253.0	44.0	2
262.0	88.0	2
271.0	146.0	2
245.0	25.0	2
258.0	59.0	2
285.0	88.0	2
280.0	49.0	2
295.0	140.0	2
276.0	111.0	2
279.0	31.0	2
289.0	95.0	2
294.0	93.0	2
291.0	60.0	2
282.0	51.0	2
264.0	115.0	2
282.0	116.0	2
247.0	105.0	2
267.0	89.0	2
286.0	17.0	2
270.0	92.0	2
287.0	137.0	2
297.0	129.0	2
247.0	65.0	2
270.0	88.0	2
284.0	92.0	2
246.0	72.0	2
272.0	105.0	2
284.0	103.0	2
296.0	40.0	2
254.0	77.0	2
239.0	41.0	2
255.0	108.0	2
282.0	33.0	2
252.0	128.0	2
299.0	31.0	2
252.0	118.0	2
290.0	121.0	2
276.0	139.0	2
297.0	43.0	2
281.0	130.0	2
284.0	39.0	2
283.0	81.0	2
259.0	45.0	2
291.0	32.0	2
292.0	125.0	2
249.0	104.0	2
293.0	4.0	2
266.0	19.0	2
288.0	120.0	2
287.0	81.0	2
240.0	46.0	2
251.0	98.0	2
288.0	56.0	2
300.0	126.0	2
265.0	44.0	2
281.0	122.0	2
293.0	140.0	2
287.0	114.0	2
287.0	24.0	2
282.0	96.0	2
286.0	118.0	2
243.0	45.0	2
263.0	120.0	2
241.0	131.0	2
244.0	142.0	2
273.0	35.0	2
250.0	139.0	2
257.0	22.0	2
249.0	24.0	2
289.0	48.0	2
285.0	59.0	2
280.0	146.0	2
245.0	51.0	2
299.0	6.0	2
265.0	49.0	2
260.0	128.0	2
277.0	111.0	2
296.0	79.0	2
273.0	133.0	2
257.0	33.0	2
279.0	113.0	2
263.0	36.0	2
294.0	0.0	2
261.0	41.0	2
299.0	82.0	2
281.0	29.0	2
284.0	122.0	2
291.0	19.0	2
288.0	77.0	2
284.0	143.0	2
281.0	45.0	2
264.0	132.0	2
254.0	53.0	2
266.0	22.0	2
288.0	65.0	2
249.0	53.0	2
262.0	117.0	2
287.0	42.0	2
282.0	48.0	2
285.0	94.0	2
250.0	108.0	2
245.0	133.0	2
285.0	86.0	2
278.0	127.0	2
268.0	49.0	2
258.0	85.0	2
277.0	25.0	2
263.0	29.0	2
269.0	38.0	2
243.0	99.0	2
253.0	20.0	2
263.0	137.0	2
281.0	85.0	2
275.0	31.0	2
252.0	80.0	2
278.0	1.0	2
274.0	92.0	2
271.0	0.0	2
283.0	26.0	2
253.0	28.0	2
245.0	89.0	2
253.0	140.0	2
254.0	67.0	2
275.0	10.0	2
269.0	0.0	2
265.0	17.0	2
290.0	123.0	2
254.0	12.0	2
257.0	31.0	2
266.0	95.0	2
241.0	137.0	2
283.0	127.0	2
267.0	61.0	2
281.0	6.0	2
285.0	96.0	2
280.0	53.0	2
294.0	36.0	2
152.0	162.0	3
147.0	159.0	3
136.0	151.0	3
141.0	158.0	3
140.0	158.0	3
145.0	167.0	3
147.0	170.0	3
130.0	158.0	3
132.0	161.0	3
150.0	177.0	3
150.0	179.0	3
126.0	157.0	3
149.0	181.0	3
127.0	163.0	3
126.0	164.0	3
126.0	165.0	3
127.0	167.0	3
133.0	173.0	3
135.0	175.0	3
143.0	182.0	3
122.0	161.0	3
115.0	151.0	3
137.0	178.0	3
115.0	155.0	3
128.0	170.0	3
124.0	168.0	3
121.0	166.0	3
118.0	164.0	3
131.0	178.0	3
138.0	184.0	3
126.0	174.0	3
127.0	176.0	3
144.0	190.0	3
151.0	195.0	3
109.0	155.0	3
120.0	171.0	3
123.0	175.0	3
127.0	179.0	3
154.0	199.0	3
151.0	198.0	3
148.0	197.0	3
112.0	164.0	3
122.0	177.0	3
124.0	180.0	3
133.0	189.0	3
153.0	203.0	3
116.0	174.0	3
149.0	202.0	3
106.0	162.0	3
101.0	153.0	3
99.0	151.0	3
124.0	184.0	3
126.0	186.0	3
122.0	184.0	3
128.0	190.0	3
135.0	196.0	3
131.0	193.0	3
142.0	202.0	3
121.0	185.0	3
103.0	165.0	3
120.0	185.0	3
114.0	179.0	3
97.0	157.0	3
110.0	175.0	3
120.0	186.0	3
134.0	198.0	3
131.0	196.0	3
136.0	200.0	3
110.0	177.0	3
131.0	197.0	3
132.0	198.0	3
105.0	172.0	3
111.0	180.0	3
99.0	166.0	3
111.0	181.0	3
128.0	197.0	3
93.0	156.0	3
109.0	180.0	3
91.0	156.0	3
136.0	204.0	3
117.0	189.0	3
146.0	209.0	3
109.0	181.0	3
88.0	152.0	3
89.0	155.0	3
89.0	156.0	3
115.0	189.0	3
101.0	175.0	3
90.0	160.0	3
104.0	179.0	3
132.0	205.0	3
121.0	197.0	3
103.0	179.0	3
93.0	166.0	3
116.0	193.0	3
102.0	179.0	3
121.0	198.0	3
101.0	178.0	3
94.0	169.0	3
100.0	177.0	3
129.0	205.0	3
110.0	189.0	3
91.0	166.0	3
89.0	163.0	3
104.0	183.0	3
121.0	200.0	3
98.0	178.0	3
118.0	199.0	3
110.0	192.0	3
106.0	188.0	3
127.0	208.0	3
89.0	169.0	3
93.0	175.0	3
86.0	164.0	3
123.0	206.0	3
110.0	195.0	3
148.0	218.0	3
146.0	218.0	3
131.0	211.0	3
139.0	217.0	3
91.0	174.0	3
86.0	167.0	3
112.0	198.0	3
128.0	212.0	3
117.0	204.0	3
109.0	197.0	3
153.0	224.0	3
148.0	223.0	3
92.0	181.0	3
82.0	163.0	3
81.0	162.0	3
83.0	167.0	3
95.0	185.0	3
138.0	221.0	3
76.0	152.0	3
117.0	207.0	3
135.0	220.0	3
98.0	190.0	3
153.0	228.0	3
139.0	223.0	3
121.0	213.0	3
117.0	211.0	3
130.0	220.0	3
99.0	195.0	3
133.0	222.0	3
91.0	186.0	3
110.0	206.0	3
89.0	184.0	3
93.0	189.0	3
130.0	221.0	3
138.0	226.0	3
148.0	230.0	3
147.0	230.0	3
99.0	198.0	3
77.0	169.0	3
88.0	186.0	3
121.0	218.0	3
86.0	185.0	3
83.0	181.0	3
134.0	227.0	3
150.0	235.0	3
149.0	236.0	3
153.0	245.0	3
153.0	247.0	3
152.0	254.0	3
150.0	253.0	3
149.0	253.0	3
152.0	261.0	3
150.0	261.0	3
150.0	259.0	3
148.0	257.0	3
150.0	265.0	3
150.0	269.0	3
152.0	276.0	3
147.0	275.0	3
147.0	276.0	3
152.0	284.0	3
151.0	285.0	3
149.0	287.0	3
152.0	294.0	3
146.0	245.0	3
145.0	286.0	3
144.0	282.0	3
144.0	260.0	3
144.0	272.0	3
144.0	265.0	3
145.0	297.0	3
144.0	297.0	3
143.0	253.0	3
142.0	292.0	3
142.0	246.0	3
142.0	267.0	3
142.0	271.0	3
141.0	269.0	3
141.0	241.0	3
141.0	291.0	3
139.0	244.0	3
139.0	258.0	3
139.0	245.0	3
138.0	258.0	3
138.0	276.0	3
137.0	297.0	3
137.0	267.0	3
137.0	260.0	3
136.0	233.0	3
136.0	286.0	3
135.0	257.0	3
135.0	236.0	3
135.0	280.0	3
135.0	254.0	3
135.0	233.0	3
134.0	294.0	3
134.0	271.0	3
133.0	267.0	3
133.0	290.0	3
133.0	232.0	3
133.0	233.0	3
133.0	248.0	3
133.0	280.0	3
131.0	294.0	3
131.0	246.0	3
131.0	257.0	3
131.0	289.0	3
130.0	287.0	3
130.0	285.0	3
130.0	240.0	3
130.0	248.0	3
130.0	245.0	3
129.0	254.0	3
129.0	241.0	3
129.0	255.0	3
129.0	291.0	3
129.0	250.0	3
130.0	300.0	3
128.0	292.0	3
128.0	254.0	3
127.0	298.0	3
127.0	297.0	3
127.0	285.0	3
127.0	256.0	3
127.0	286.0	3
127.0	260.0	3
126.0	286.0	3
126.0	267.0	3
126.0	251.0	3
125.0	289.0	3
125.0	228.0	3
125.0	278.0	3
124.0	286.0	3
124.0	264.0	3
124.0	225.0	3
124.0	290.0	3
123.0	297.0	3
123.0	245.0	3
123.0	241.0	3
123.0	261.0	3
122.0	252.0	3
122.0	248.0	3
121.0	283.0	3
121.0	278.0	3
121.0	261.0	3
121.0	246.0	3
120.0	261.0	3
120.0	289.0	3
119.0	293.0	3
119.0	276.0	3
119.0	291.0	3
119.0	280.0	3
119.0	235.0	3
118.0	272.0	3
118.0	286.0	3
118.0	282.0	3
118.0	271.0	3
117.0	292.0	3
117.0	290.0	3
117.0	280.0	3
117.0	271.0	3
116.0	256.0	3
116.0	228.0	3
115.0	270.0	3
115.0	280.0	3
115.0	274.0	3
114.0	233.0	3
113.0	267.0	3
113.0	218.0	3
113.0	280.0	3
113.0	263.0	3
112.0	269.0	3
112.0	239.0	3
112.0	274.0	3
111.0	268.0	3
111.0	259.0	3
111.0	229.0	3
111.0	244.0	3
110.0	276.0	3
110.0	288.0	3
109.0	275.0	3
109.0	260.0	3
109.0	220.0	3
109.0	298.0	3
108.0	273.0	3
108.0	230.0	3
107.0	284.0	3
106.0	286.0	3
106.0	250.0	3
106.0	229.0	3
106.0	284.0	3
105.0	261.0	3
105.0	230.0	3
105.0	259.0	3
105.0	252.0	3
105.0	260.0	3
104.0	274.0	3
103.0	293.0	3
103.0	274.0	3
103.0	266.0	3
102.0	294.0	3
102.0	214.0	3
101.0	276.0	3
101.0	275.0	3
101.0	234.0	3
101.0	254.0	3
100.0	278.0	3
100.0	242.0	3
100.0	245.0	3
100.0	295.0	3
100.0	283.0	3
100.0	291.0	3
100.0	235.0	3
99.0	217.0	3
99.0	215.0	3
99.0	204.0	3
99.0	292.0	3
98.0	265.0	3
98.0	209.0	3
98.0	280.0	3
97.0	280.0	3
97.0	226.0	3
97.0	288.0	3
97.0	278.0	3
96.0	233.0	3
96.0	213.0	3
96.0	210.0	3
96.0	239.0	3
96.0	297.0	3
95.0	249.0	3
95.0	206.0	3
95.0	248.0	3
95.0	208.0	3
94.0	284.0	3
94.0	247.0	3
94.0	230.0	3
94.0	221.0	3
94.0	267.0	3
93.0	228.0	3
93.0	223.0	3
93.0	240.0	3
93.0	276.0	3
93.0	221.0	3
93.0	197.0	3
93.0	283.0	3
92.0	280.0	3
92.0	205.0	3
91.0	300.0	3
91.0	219.0	3
91.0	218.0	3
91.0	214.0	3
91.0	279.0	3
91.0	211.0	3
91.0	298.0	3
90.0	256.0	3
90.0	235.0	3
90.0	232.0	3
90.0	208.0	3
89.0	285.0	3
89.0	207.0	3
89.0	217.0	3
89.0	270.0	3
89.0	298.0	3
88.0	274.0	3
88.0	241.0	3
88.0	220.0	3
88.0	197.0	3
87.0	248.0	3
87.0	223.0	3
86.0	294.0	3
86.0	218.0	3
86.0	216.0	3
86.0	246.0	3
86.0	193.0	3
85.0	278.0	3
85.0	271.0	3
83.0	291.0	3
83.0	270.0	3
83.0	208.0	3
83.0	191.0	3
83.0	248.0	3
82.0	253.0	3
82.0	248.0	3
82.0	234.0	3
82.0	206.0	3
82.0	189.0	3
82.0	232.0	3
81.0	245.0	3
81.0	243.0	3
81.0	207.0	3
81.0	232.0	3
81.0	296.0	3
80.0	256.0	3
80.0	243.0	3
80.0	216.0	3
80.0	206.0	3
80.0	258.0	3
80.0	237.0	3
80.0	296.0	3
79.0	299.0	3
79.0	283.0	3
79.0	228.0	3
97.0	211.0	3
107.0	279.0	3
109.0	278.0	3
141.0	170.0	3
148.0	213.0	3
89.0	275.0	3
117.0	175.0	3
142.0	182.0	3
113.0	233.0	3
113.0	288.0	3
131.0	234.0	3
111.0	288.0	3
142.0	273.0	3
77.0	242.0	3
96.0	188.0	3
148.0	187.0	3
152.0	182.0	3
119.0	164.0	3
76.0	157.0	3
151.0	219.0	3
91.0	220.0	3
87.0	158.0	3
136.0	236.0	3
130.0	278.0	3
84.0	213.0	3
123.0	182.0	3
102.0	290.0	3
89.0	296.0	3
131.0	285.0	3
137.0	288.0	3
123.0	204.0	3
102.0	186.0	3
136.0	232.0	3
136.0	253.0	3
149.0	219.0	3
92.0	164.0	3
137.0	265.0	3
140.0	233.0	3
123.0	238.0	3
102.0	215.0	3
76.0	274.0	3
89.0	246.0	3
125.0	237.0	3
101.0	171.0	3
135.0	198.0	3
152.0	274.0	3
145.0	215.0	3
120.0	250.0	3
103.0	203.0	3
121.0	174.0	3
151.0	272.0	3
111.0	241.0	3
145.0	222.0	3
146.0	178.0	3
77.0	164.0	3
132.0	238.0	3
133.0	224.0	3
120.0	154.0	3
104.0	210.0	3
107.0	273.0	3
139.0	193.0	3
92.0	152.0	3
106.0	175.0	3
100.0	231.0	3
78.0	249.0	3
88.0	263.0	3
108.0	169.0	3
117.0	248.0	3
77.0	287.0	3
144.0	268.0	3
99.0	170.0	3
115.0	242.0	3
81.0	253.0	3
84.0	298.0	3
148.0	275.0	3
140.0	235.0	3
95.0	168.0	3
115.0	224.0	3
92.0	277.0	3
119.0	163.0	3
93.0	174.0	3
131.0	156.0	3
128.0	162.0	3
83.0	277.0	3
154.0	220.0	3
97.0	213.0	3
89.0	258.0	3
140.0	251.0	3
124.0	267.0	3
80.0	200.0	3
120.0	153.0	3
103.0	287.0	3
87.0	245.0	3
101.0	287.0	3
122.0	279.0	3
143.0	283.0	3
77.0	281.0	3
120.0	195.0	3
116.0	191.0	3
146.0	198.0	3
124.0	179.0	3
78.0	257.0	3
83.0	224.0	3
96.0	234.0	3
78.0	175.0	3
137.0	299.0	3
109.0	166.0	3
99.0	270.0	3
110.0	194.0	3
96.0	270.0	3
133.0	252.0	3
112.0	203.0	3
142.0	214.0	3
108.0	250.0	3
142.0	211.0	3
89.0	261.0	3
99.0	174.0	3
154.0	297.0	3
88.0	292.0	3
117.0	274.0	3
152.0	165.0	3
148.0	232.0	3
84.0	275.0	3
132.0	200.0	3
133.0	188.0	3
131.0	232.0	3
97.0	256.0	3
122.0	219.0	3
151.0	276.0	3
80.0	183.0	3
149.0	296.0	3
112.0	268.0	3
80.0	187.0	3
86.0	154.0	3
133.0	174.0	3
116.0	268.0	3
117.0	158.0	3
93.0	218.0	3
140.0	223.0	3
78.0	192.0	3
149.0	234.0	3
98.0	268.0	3
89.0	253.0	3
108.0	287.0	3
141.0	183.0	3
135.0	245.0	3
117.0	182.0	3
112.0	293.0	3
76.0	207.0	3
118.0	284.0	3
130.0	276.0	3
80.0	207.0	3
132.0	156.0	3
99.0	165.0	3
93.0	215.0	3
120.0	200.0	3
103.0	267.0	3
93.0	225.0	3
128.0	203.0	3
154.0	197.0	3
137.0	285.0	3
80.0	166.0	3
114.0	220.0	3
112.0	236.0	3
89.0	171.0	3
87.0	293.0	3
90.0	155.0	3
108.0	218.0	3
114.0	165.0	3
145.0	214.0	3
108.0	208.0	3
91.0	228.0	3
83.0	269.0	3
146.0	239.0	3
146.0	257.0	3
154.0	216.0	3
99.0	162.0	3
132.0	231.0	3
103.0	194.0	3
96.0	257.0	3
102.0	221.0	3
144.0	261.0	3
91.0	177.0	3
125.0	249.0	3
80.0	266.0	3
131.0	237.0	3
109.0	258.0	3
123.0	160.0	3
81.0	183.0	3
144.0	299.0	3
144.0	214.0	3
80.0	269.0	3
79.0	173.0	3
137.0	268.0	3
106.0	172.0	3
114.0	200.0	3
149.0	226.0	3
113.0	274.0	3
153.0	251.0	3
94.0	195.0	3
110.0	161.0	3
121.0	173.0	3
93.0	204.0	3
82.0	289.0	3
145.0	242.0	3
150.0	227.0	3
149.0	248.0	3
120.0	168.0	3
137.0	185.0	3
93.0	227.0	3
132.0	252.0	3
132.0	223.0	3
124.0	215.0	3
144.0	276.0	3
132.0	259.0	3
87.0	242.0	3
89.0	280.0	3
114.0	182.0	3
78.0	163.0	3
84.0	241.0	3
137.0	233.0	3
103.0	182.0	3
113.0	151.0	3
76.0	292.0	3
115.0	220.0	3
157.0	299.0	4
155.0	291.0	4
165.0	298.0	4
159.0	284.0	4
167.0	291.0	4
162.0	285.0	4
169.0	292.0	4
173.0	297.0	4
171.0	293.0	4
174.0	295.0	4
177.0	297.0	4
162.0	279.0	4
161.0	275.0	4
163.0	276.0	4
169.0	281.0	4
173.0	285.0	4
167.0	278.0	4
183.0	297.0	4
185.0	299.0	4
170.0	280.0	4
187.0	300.0	4
187.0	298.0	4
171.0	278.0	4
162.0	270.0	4
158.0	267.0	4
184.0	292.0	4
178.0	284.0	4
186.0	293.0	4
155.0	262.0	4
186.0	292.0	4
171.0	275.0	4
164.0	268.0	4
171.0	274.0	4
160.0	263.0	4
165.0	267.0	4
163.0	265.0	4
181.0	282.0	4
172.0	271.0	4
187.0	287.0	4
189.0	290.0	4
177.0	275.0	4
187.0	286.0	4
193.0	294.0	4
166.0	261.0	4
198.0	298.0	4
192.0	287.0	4
163.0	258.0	4
190.0	284.0	4
192.0	286.0	4
167.0	259.0	4
180.0	271.0	4
186.0	277.0	4
175.0	265.0	4
189.0	280.0	4
163.0	255.0	4
178.0	267.0	4
195.0	286.0	4
172.0	260.0	4
198.0	289.0	4
173.0	260.0	4
197.0	286.0	4
198.0	287.0	4
166.0	253.0	4
156.0	247.0	4
194.0	279.0	4
191.0	275.0	4
182.0	265.0	4
184.0	267.0	4
161.0	247.0	4
168.0	252.0	4
184.0	266.0	4
188.0	270.0	4
195.0	278.0	4
161.0	246.0	4
182.0	263.0	4
181.0	262.0	4
205.0	295.0	4
207.0	298.0	4
207.0	297.0	4
202.0	288.0	4
205.0	291.0	4
163.0	246.0	4
163.0	245.0	4
198.0	278.0	4
211.0	299.0	4
157.0	241.0	4
207.0	289.0	4
203.0	283.0	4
199.0	277.0	4
205.0	285.0	4
168.0	245.0	4
202.0	279.0	4
170.0	246.0	4
201.0	276.0	4
202.0	276.0	4
211.0	288.0	4
216.0	300.0	4
216.0	297.0	4
168.0	241.0	4
191.0	261.0	4
193.0	263.0	4
215.0	293.0	4
193.0	262.0	4
174.0	244.0	4
168.0	240.0	4
208.0	279.0	4
219.0	299.0	4
220.0	300.0	4
177.0	245.0	4
184.0	250.0	4
205.0	272.0	4
173.0	240.0	4
212.0	280.0	4
177.0	241.0	4
198.0	260.0	4
218.0	287.0	4
214.0	280.0	4
201.0	262.0	4
172.0	237.0	4
162.0	232.0	4
170.0	234.0	4
180.0	241.0	4
155.0	227.0	4
158.0	228.0	4
185.0	245.0	4
207.0	268.0	4
175.0	237.0	4
196.0	255.0	4
205.0	265.0	4
210.0	270.0	4
156.0	223.0	4
157.0	224.0	4
155.0	220.0	4
155.0	219.0	4
157.0	217.0	4
155.0	211.0	4
158.0	208.0	4
156.0	203.0	4
157.0	204.0	4
155.0	195.0	4
155.0	194.0	4
160.0	202.0	4
159.0	192.0	4
161.0	224.0	4
161.0	213.0	4
161.0	194.0	4
162.0	193.0	4
162.0	215.0	4
161.0	188.0	4
160.0	184.0	4
158.0	178.0	4
156.0	172.0	4
157.0	174.0	4
161.0	176.0	4
161.0	182.0	4
162.0	184.0	4
163.0	195.0	4
163.0	189.0	4
163.0	182.0	4
163.0	203.0	4
164.0	218.0	4
164.0	181.0	4
164.0	224.0	4
165.0	221.0	4
165.0	194.0	4
165.0	176.0	4
165.0	171.0	4
157.0	149.0	4
162.0	153.0	4
162.0	155.0	4
164.0	149.0	4
164.0	164.0	4
166.0	155.0	4
166.0	157.0	4
167.0	176.0	4
167.0	149.0	4
167.0	177.0	4
167.0	187.0	4
167.0	203.0	4
168.0	221.0	4
168.0	147.0	4
169.0	179.0	4
169.0	176.0	4
170.0	185.0	4
171.0	181.0	4
171.0	206.0	4
171.0	204.0	4
172.0	156.0	4
172.0	210.0	4
173.0	169.0	4
173.0	222.0	4
173.0	188.0	4
173.0	194.0	4
174.0	185.0	4
174.0	161.0	4
174.0	187.0	4
175.0	152.0	4
175.0	153.0	4
175.0	223.0	4
176.0	180.0	4
176.0	177.0	4
177.0	180.0	4
177.0	160.0	4
177.0	189.0	4
177.0	235.0	4
177.0	206.0	4
178.0	204.0	4
178.0	191.0	4
178.0	151.0	4
179.0	208.0	4
179.0	194.0	4
179.0	203.0	4
179.0	200.0	4
180.0	236.0	4
180.0	217.0	4
180.0	178.0	4
181.0	210.0	4
181.0	147.0	4
181.0	171.0	4
181.0	191.0	4
181.0	236.0	4
182.0	220.0	4
183.0	204.0	4
183.0	154.0	4
184.0	221.0	4
184.0	172.0	4
184.0	186.0	4
184.0	156.0	4
184.0	240.0	4
185.0	223.0	4
185.0	162.0	4
185.0	191.0	4
185.0	222.0	4
185.0	193.0	4
186.0	225.0	4
186.0	213.0	4
186.0	181.0	4
186.0	147.0	4
187.0	207.0	4
187.0	164.0	4
187.0	230.0	4
187.0	148.0	4
188.0	170.0	4
188.0	187.0	4
188.0	191.0	4
188.0	157.0	4
188.0	172.0	4
189.0	166.0	4
189.0	193.0	4
189.0	202.0	4
190.0	147.0	4
190.0	151.0	4
190.0	175.0	4
190.0	149.0	4
190.0	181.0	4
191.0	218.0	4
191.0	207.0	4
191.0	158.0	4
192.0	149.0	4
192.0	230.0	4
192.0	162.0	4
192.0	181.0	4
192.0	248.0	4
193.0	192.0	4
193.0	176.0	4
193.0	181.0	4
193.0	201.0	4
193.0	179.0	4
193.0	158.0	4
193.0	209.0	4
193.0	163.0	4
194.0	247.0	4
194.0	222.0	4
194.0	217.0	4
194.0	202.0	4
195.0	225.0	4
195.0	193.0	4
196.0	175.0	4
196.0	234.0	4
196.0	179.0	4
197.0	221.0	4
197.0	174.0	4
197.0	162.0	4
198.0	222.0	4
198.0	205.0	4
198.0	180.0	4
198.0	153.0	4
198.0	148.0	4
199.0	255.0	4
199.0	178.0	4
199.0	152.0	4
199.0	189.0	4
200.0	257.0	4
200.0	247.0	4
200.0	246.0	4
200.0	205.0	4
200.0	199.0	4
200.0	254.0	4
201.0	186.0	4
201.0	163.0	4
202.0	168.0	4
203.0	240.0	4
203.0	173.0	4
204.0	235.0	4
204.0	150.0	4
204.0	182.0	4
204.0	225.0	4
204.0	175.0	4
204.0	210.0	4
205.0	217.0	4
205.0	211.0	4
205.0	191.0	4
205.0	214.0	4
206.0	159.0	4
206.0	178.0	4
206.0	179.0	4
207.0	245.0	4
207.0	212.0	4
207.0	174.0	4
207.0	261.0	4
208.0	218.0	4
208.0	169.0	4
208.0	186.0	4
208.0	179.0	4
208.0	221.0	4
208.0	157.0	4
208.0	170.0	4
209.0	265.0	4
209.0	249.0	4
209.0	233.0	4
209.0	219.0	4
209.0	205.0	4
209.0	164.0	4
210.0	192.0	4
210.0	149.0	4
211.0	204.0	4
211.0	165.0	4
211.0	171.0	4
211.0	162.0	4
211.0	200.0	4
211.0	214.0	4
211.0	158.0	4
212.0	149.0	4
212.0	221.0	4
212.0	207.0	4
213.0	261.0	4
213.0	194.0	4
213.0	182.0	4
213.0	219.0	4
213.0	262.0	4
214.0	222.0	4
214.0	207.0	4
214.0	180.0	4
215.0	266.0	4
215.0	242.0	4
215.0	174.0	4
215.0	152.0	4
215.0	275.0	4
215.0	272.0	4
216.0	249.0	4
216.0	149.0	4
216.0	269.0	4
216.0	166.0	4
217.0	204.0	4
217.0	172.0	4
217.0	149.0	4
217.0	160.0	4
217.0	272.0	4
220.0	272.0	4
226.0	289.0	4
224.0	286.0	4
224.0	277.0	4
221.0	276.0	4
223.0	275.0	4
222.0	274.0	4
220.0	262.0	4
226.0	247.0	4
220.0	246.0	4
226.0	243.0	4
221.0	243.0	4
224.0	240.0	4
226.0	230.0	4
221.0	221.0	4
226.0	199.0	4
221.0	196.0	4
224.0	166.0	4
218.0	187.0	4
219.0	179.0	4
223.0	179.0	4
218.0	244.0	4
224.0	214.0	4
220.0	199.0	4
221.0	230.0	4
218.0	181.0	4
225.0	185.0	4
223.0	273.0	4
224.0	258.0	4
223.0	177.0	4
221.0	222.0	4
219.0	167.0	4
226.0	170.0	4
221.0	163.0	4
222.0	244.0	4
223.0	238.0	4
227.0	206.0	4
221.0	282.0	4
221.0	244.0	4
226.0	208.0	4
217.0	171.0	4
224.0	288.0	4
225.0	271.0	4
218.0	176.0	4
227.0	197.0	4
222.0	248.0	4
222.0	281.0	4
227.0	274.0	4
218.0	298.0	4
164.0	269.0	4
157.0	176.0	4
157.0	277.0	4
172.0	166.0	4
205.0	196.0	4
162.0	204.0	4
214.0	248.0	4
211.0	175.0	4
167.0	297.0	4
179.0	271.0	4
226.0	292.0	4
181.0	158.0	4
210.0	232.0	4
197.0	294.0	4
183.0	241.0	4
217.0	299.0	4
213.0	242.0	4
212.0	174.0	4
189.0	291.0	4
162.0	287.0	4
202.0	236.0	4
158.0	165.0	4
195.0	178.0	4
195.0	182.0	4
208.0	163.0	4
216.0	234.0	4
177.0	192.0	4
156.0	235.0	4
171.0	177.0	4
168.0	225.0	4
200.0	214.0	4
217.0	202.0	4
155.0	163.0	4
206.0	221.0	4
222.0	297.0	4
165.0	229.0	4
198.0	270.0	4
170.0	244.0	4
221.0	156.0	4
166.0	277.0	4
182.0	215.0	4
196.0	157.0	4
216.0	292.0	4
184.0	237.0	4
226.0	300.0	4
189.0	298.0	4
218.0	185.0	4
191.0	244.0	4
192.0	165.0	4
185.0	259.0	4
184.0	279.0	4
221.0	278.0	4
191.0	282.0	4
164.0	147.0	4
195.0	260.0	4
212.0	161.0	4
183.0	272.0	4
205.0	241.0	4
192.0	298.0	4
196.0	171.0	4
219.0	161.0	4
224.0	179.0	4
190.0	300.0	4
190.0	288.0	4
177.0	195.0	4
181.0	258.0	4
182.0	264.0	4
203.0	255.0	4
197.0	197.0	4
199.0	252.0	4
157.0	190.0	4
216.0	186.0	4
197.0	264.0	4
227.0	157.0	4
216.0	168.0	4
180.0	285.0	4
202.0	286.0	4
223.0	173.0	4
160.0	162.0	4
210.0	199.0	4
161.0	219.0	4
197.0	218.0	4
155.0	233.0	4
211.0	188.0	4
187.0	192.0	4
188.0	193.0	4
221.0	229.0	4
188.0	244.0	4
198.0	214.0	4
204.0	162.0	4
180.0	232.0	4
158.0	292.0	4
193.0	214.0	4
206.0	214.0	4
163.0	283.0	4
215.0	176.0	4
203.0	223.0	4
170.0	283.0	4
204.0	226.0	4
219.0	290.0	4
222.0	223.0	4
206.0	199.0	4
188.0	216.0	4
218.0	269.0	4
163.0	163.0	4
199.0	195.0	4
157.0	271.0	4
183.0	244.0	4
165.0	205.0	4
166.0	171.0	4
156.0	189.0	4
203.0	231.0	4
213.0	222.0	4
203.0	250.0	4
194.0	173.0	4
206.0	220.0	4
195.0	212.0	4
188.0	266.0	4
155.0	222.0	4
159.0	268.0	4
223.0	147.0	4
209.0	274.0	4
166.0	184.0	4
173.0	223.0	4
156.0	268.0	4
183.0	199.0	4
215.0	173.0	4
159.0	273.0	4
165.0	297.0	4
184.0	276.0	4
186.0	167.0	4
210.0	267.0	4
175.0	204.0	4
199.0	232.0	4
166.0	288.0	4
186.0	203.0	4
205.0	244.0	4
190.0	212.0	4
205.0	235.0	4
219.0	267.0	4
210.0	212.0	4
167.0	172.0	4
178.0	205.0	4
215.0	232.0	4
193.0	218.0	4
193.0	210.0	4
174.0	191.0	4
199.0	196.0	4
208.0	193.0	4
180.0	267.0	4
226.0	241.0	4
200.0	172.0	4
204.0	156.0	4
184.0	188.0	4
157.0	222.0	4
163.0	212.0	4
211.0	285.0	4
219.0	211.0	4
207.0	196.0	4
198.0	240.0	4
183.0	237.0	4
213.0	279.0	4
157.0	218.0	4
168.0	266.0	4
224.0	225.0	4
185.0	173.0	4
190.0	232.0	4
179.0	166.0	4
194.0	176.0	4
186.0	295.0	4
191.0	173.0	4
200.0	265.0	4
183.0	178.0	4
218.0	277.0	4
172.0	189.0	4
155.0	156.0	4
196.0	246.0	4
179.0	245.0	4
156.0	232.0	4
191.0	242.0	4
181.0	174.0	4
170.0	268.0	4
214.0	257.0	4
188.0	149.0	4
155.0	261.0	4
213.0	167.0	4
186.0	223.0	4
218.0	263.0	4
157.0	233.0	4
196.0	223.0	4
205.0	270.0	4
190.0	219.0	4
171.0	296.0	4
177.0	174.0	4
206.0	269.0	4
161.0	240.0	4
199.0	229.0	4
216.0	284.0	4
219.0	168.0	4
171.0	272.0	4
180.0	153.0	4
0.0	4.0	5
4.0	1.0	5
3.0	7.0	5
7.0	6.0	5
4.0	9.0	5
7.0	7.0	5
1.0	13.0	5
13.0	4.0	5
11.0	10.0	5
6.0	15.0	5
15.0	10.0	5
16.0	11.0	5
0.0	25.0	5
9.0	19.0	5
14.0	16.0	5
16.0	16.0	5
13.0	19.0	5
23.0	8.0	5
26.0	5.0	5
29.0	2.0	5
7.0	27.0	5
25.0	11.0	5
8.0	28.0	5
7.0	29.0	5
23.0	15.0	5
17.0	21.0	5
22.0	17.0	5
31.0	9.0	5
4.0	34.0	5
30.0	11.0	5
24.0	18.0	5
29.0	13.0	5
32.0	11.0	5
37.0	4.0	5
35.0	8.0	5
10.0	33.0	5
33.0	11.0	5
40.0	2.0	5
19.0	26.0	5
6.0	37.0	5
38.0	7.0	5
42.0	2.0	5
19.0	28.0	5
11.0	35.0	5
35.0	12.0	5
26.0	22.0	5
28.0	20.0	5
34.0	14.0	5
2.0	42.0	5
6.0	40.0	5
28.0	22.0	5
14.0	36.0	5
1.0	45.0	5
29.0	24.0	5
10.0	42.0	5
20.0	34.0	5
9.0	43.0	5
16.0	40.0	5
3.0	49.0	5
45.0	11.0	5
17.0	41.0	5
40.0	20.0	5
11.0	47.0	5
38.0	24.0	5
13.0	48.0	5
31.0	33.0	5
19.0	44.0	5
24.0	40.0	5
34.0	31.0	5
16.0	48.0	5
26.0	40.0	5
45.0	21.0	5
37.0	30.0	5
39.0	28.0	5
0.0	57.0	5
42.0	25.0	5
4.0	57.0	5
16.0	49.0	5
12.0	52.0	5
15.0	50.0	5
52.0	10.0	5
53.0	9.0	5
47.0	20.0	5
16.0	50.0	5
57.0	5.0	5
41.0	29.0	5
30.0	40.0	5
28.0	42.0	5
11.0	55.0	5
0.0	61.0	5
9.0	57.0	5
15.0	53.0	5
48.0	23.0	5
29.0	43.0	5
19.0	51.0	5
57.0	12.0	5
15.0	54.0	5
40.0	33.0	5
41.0	32.0	5
43.0	31.0	5
51.0	22.0	5
60.0	8.0	5
58.0	13.0	5
7.0	61.0	5
45.0	30.0	5
3.0	63.0	5
55.0	18.0	5
24.0	50.0	5
63.0	5.0	5
62.0	9.0	5
25.0	51.0	5
63.0	10.0	5
65.0	6.0	5
66.0	4.0	5
21.0	55.0	5
60.0	16.0	5
64.0	10.0	5
51.0	28.0	5
60.0	17.0	5
47.0	34.0	5
68.0	5.0	5
3.0	67.0	5
5.0	67.0	5
58.0	22.0	5
9.0	66.0	5
58.0	23.0	5
54.0	29.0	5
25.0	57.0	5
63.0	18.0	5
0.0	71.0	5
65.0	16.0	5
58.0	27.0	5
10.0	69.0	5
70.0	9.0	5
72.0	4.0	5
73.0	3.0	5
74.0	3.0	5
70.0	11.0	5
50.0	38.0	5
22.0	62.0	5
2.0	73.0	5
56.0	32.0	5
5.0	73.0	5
64.0	22.0	5
69.0	15.0	5
55.0	35.0	5
22.0	64.0	5
1.0	75.0	5
38.0	53.0	5
12.0	71.0	5
73.0	11.0	5
77.0	1.0	5
41.0	51.0	5
50.0	43.0	5
37.0	55.0	5
32.0	59.0	5
16.0	70.0	5
74.0	12.0	5
31.0	61.0	5
79.0	2.0	5
9.0	75.0	5
78.0	6.0	5
58.0	37.0	5
29.0	64.0	5
71.0	20.0	5
65.0	29.0	5
77.0	10.0	5
76.0	12.0	5
35.0	60.0	5
14.0	74.0	5
16.0	73.0	5
71.0	22.0	5
77.0	12.0	5
19.0	72.0	5
28.0	68.0	5
34.0	64.0	5
38.0	61.0	5
75.0	19.0	5
52.0	49.0	5
51.0	50.0	5
69.0	29.0	5
12.0	77.0	5
10.0	78.0	5
4.0	80.0	5
60.0	41.0	5
51.0	51.0	5
27.0	70.0	5
32.0	67.0	5
68.0	32.0	5
71.0	28.0	5
32.0	68.0	5
44.0	59.0	5
46.0	58.0	5
54.0	51.0	5
19.0	77.0	5
23.0	75.0	5
1.0	84.0	5
56.0	50.0	5
51.0	55.0	5
13.0	81.0	5
69.0	35.0	5
83.0	8.0	5
84.0	7.0	5
45.0	61.0	5
85.0	8.0	5
72.0	32.0	5
41.0	65.0	5
84.0	13.0	5
27.0	75.0	5
0.0	87.0	5
74.0	31.0	5
7.0	86.0	5
5.0	87.0	5
3.0	88.0	5
47.0	63.0	5
72.0	37.0	5
20.0	82.0	5
73.0	37.0	5
24.0	80.0	5
54.0	59.0	5
53.0	60.0	5
59.0	55.0	5
83.0	23.0	5
66.0	48.0	5
67.0	47.0	5
48.0	66.0	5
40.0	73.0	5
26.0	82.0	5
44.0	71.0	5
53.0	64.0	5
43.0	72.0	5
7.0	92.0	5
9.0	92.0	5
1.0	103.0	5
0.0	105.0	5
4.0	110.0	5
10.0	99.0	5
11.0	103.0	5
11.0	106.0	5
12.0	95.0	5
13.0	106.0	5
13.0	100.0	5
8.0	115.0	5
9.0	116.0	5
1.0	126.0	5
4.0	123.0	5
4.0	131.0	5
7.0	132.0	5
9.0	125.0	5
9.0	117.0	5
7.0	136.0	5
2.0	145.0	5
4.0	145.0	5
4.0	143.0	5
6.0	143.0	5
13.0	119.0	5
13.0	134.0	5
15.0	134.0	5
15.0	92.0	5
16.0	130.0	5
16.0	132.0	5
17.0	141.0	5
18.0	116.0	5
18.0	95.0	5
18.0	138.0	5
18.0	97.0	5
15.0	150.0	5
19.0	134.0	5
19.0	146.0	5
19.0	99.0	5
20.0	101.0	5
20.0	104.0	5
21.0	127.0	5
21.0	103.0	5
21.0	121.0	5
21.0	108.0	5
23.0	146.0	5
24.0	97.0	5
25.0	104.0	5
25.0	108.0	5
25.0	87.0	5
25.0	147.0	5
25.0	111.0	5
26.0	98.0	5
26.0	147.0	5
26.0	110.0	5
26.0	151.0	5
27.0	99.0	5
27.0	124.0	5
27.0	89.0	5
27.0	108.0	5
28.0	89.0	5
28.0	136.0	5
28.0	100.0	5
29.0	87.0	5
29.0	132.0	5
29.0	101.0	5
31.0	128.0	5
32.0	103.0	5
32.0	143.0	5
32.0	97.0	5
33.0	129.0	5
34.0	148.0	5
35.0	136.0	5
35.0	148.0	5
36.0	149.0	5
38.0	98.0	5
39.0	101.0	5
39.0	149.0	5
39.0	137.0	5
39.0	129.0	5
41.0	78.0	5
41.0	135.0	5
41.0	115.0	5
42.0	93.0	5
42.0	128.0	5
42.0	140.0	5
42.0	142.0	5
43.0	130.0	5
43.0	132.0	5
44.0	97.0	5
44.0	124.0	5
44.0	77.0	5
45.0	144.0	5
45.0	143.0	5
46.0	141.0	5
46.0	150.0	5
47.0	94.0	5
47.0	96.0	5
47.0	106.0	5
47.0	149.0	5
47.0	138.0	5
48.0	146.0	5
49.0	146.0	5
49.0	99.0	5
49.0	109.0	5
50.0	71.0	5
50.0	143.0	5
51.0	104.0	5
51.0	126.0	5
51.0	143.0	5
51.0	98.0	5
52.0	100.0	5
52.0	121.0	5
52.0	150.0	5
52.0	128.0	5
52.0	93.0	5
53.0	97.0	5
53.0	82.0	5
54.0	109.0	5
54.0	147.0	5
54.0	141.0	5
55.0	96.0	5
55.0	82.0	5
56.0	96.0	5
56.0	120.0	5
57.0	67.0	5
57.0	111.0	5
57.0	115.0	5
57.0	90.0	5
58.0	95.0	5
59.0	81.0	5
60.0	97.0	5
60.0	94.0	5
61.0	67.0	5
61.0	141.0	5
61.0	131.0	5
61.0	79.0	5
62.0	119.0	5
62.0	146.0	5
62.0	64.0	5
63.0	84.0	5
63.0	148.0	5
63.0	143.0	5
64.0	107.0	5
64.0	55.0	5
65.0	76.0	5
66.0	90.0	5
66.0	108.0	5
67.0	84.0	5
67.0	100.0	5
67.0	73.0	5
67.0	106.0	5
67.0	83.0	5
67.0	128.0	5
67.0	142.0	5
67.0	145.0	5
68.0	93.0	5
68.0	108.0	5
68.0	120.0	5
68.0	59.0	5
68.0	58.0	5
69.0	108.0	5
69.0	115.0	5
69.0	78.0	5
69.0	93.0	5
69.0	97.0	5
69.0	111.0	5
69.0	134.0	5
70.0	52.0	5
70.0	55.0	5
70.0	111.0	5
70.0	58.0	5
70.0	51.0	5
71.0	76.0	5
71.0	149.0	5
71.0	131.0	5
71.0	139.0	5
72.0	55.0	5
72.0	86.0	5
72.0	87.0	5
72.0	143.0	5
73.0	104.0	5
74.0	105.0	5
74.0	45.0	5
74.0	83.0	5
75.0	103.0	5
75.0	86.0	5
39.0	2.0	5
43.0	141.0	5
2.0	108.0	5
67.0	114.0	5
67.0	135.0	5
11.0	119.0	5
72.0	126.0	5
59.0	11.0	5
36.0	31.0	5
16.0	10.0	5
0.0	68.0	5
49.0	28.0	5
1.0	127.0	5
41.0	97.0	5
40.0	71.0	5
49.0	82.0	5
5.0	130.0	5
56.0	125.0	5
16.0	80.0	5
42.0	86.0	5
30.0	19.0	5
10.0	2.0	5
32.0	75.0	5
38.0	65.0	5
44.0	8.0	5
4.0	106.0	5
29.0	49.0	5
70.0	94.0	5
35.0	14.0	5
55.0	113.0	5
68.0	12.0	5
55.0	125.0	5
32.0	65.0	5
33.0	2.0	5
0.0	128.0	5
62.0	111.0	5
47.0	19.0	5
67.0	108.0	5
3.0	4.0	5
53.0	32.0	5
43.0	143.0	5
58.0	57.0	5
46.0	139.0	5
42.0	16.0	5
34.0	39.0	5
70.0	33.0	5
52.0	108.0	5
7.0	121.0	5
24.0	122.0	5
74.0	78.0	5
55.0	5.0	5
50.0	105.0	5
4.0	88.0	5
54.0	148.0	5
38.0	46.0	5
42.0	24.0	5
17.0	46.0	5
54.0	90.0	5
9.0	31.0	5
8.0	15.0	5
40.0	94.0	5
5.0	11.0	5
2.0	28.0	5
62.0	129.0	5
18.0	71.0	5
12.0	63.0	5
69.0	112.0	5
74.0	20.0	5
64.0	119.0	5
12.0	150.0	5
28.0	21.0	5
44.0	128.0	5
15.0	73.0	5
21.0	90.0	5
29.0	107.0	5
39.0	142.0	5
51.0	123.0	5
65.0	22.0	5
54.0	25.0	5
41.0	72.0	5
70.0	107.0	5
52.0	62.0	5
45.0	45.0	5
55.0	7.0	5
65.0	121.0	5
55.0	21.0	5
37.0	94.0	5
33.0	140.0	5
67.0	35.0	5
18.0	56.0	5
42.0	130.0	5
2.0	105.0	5
65.0	62.0	5
43.0	113.0	5
31.0	78.0	5
11.0	11.0	5
55.0	87.0	5
33.0	24.0	5
67.0	42.0	5
65.0	68.0	5
11.0	28.0	5
71.0	65.0	5
65.0	133.0	5
4.0	97.0	5
33.0	130.0	5
30.0	98.0	5
71.0	119.0	5
10.0	98.0	5
15.0	90.0	5
9.0	95.0	5
9.0	55.0	5
37.0	120.0	5
68.0	26.0	5
29.0	102.0	5
10.0	91.0	5
19.0	135.0	5
35.0	46.0	5
20.0	52.0	5
38.0	129.0	5
14.0	7.0	5
55.0	121.0	5
74.0	82.0	5
27.0	130.0	5
65.0	120.0	5
32.0	41.0	5
0.0	15.0	5
7.0	131.0	5
60.0	40.0	5
64.0	47.0	5
70.0	139.0	5
62.0	123.0	5
71.0	54.0	5
7.0	124.0	5
0.0	115.0	5
38.0	144.0	5
30.0	4.0	5
43.0	74.0	5
36.0	134.0	5
30.0	96.0	5
65.0	98.0	5
0.0	59.0	5
8.0	69.0	5
68.0	0.0	5
66.0	49.0	5
11.0	12.0	5
56.0	8.0	5
68.0	37.0	5
56.0	48.0	5
43.0	135.0	5
44.0	104.0	5
68.0	7.0	5
2.0	15.0	5
48.0	27.0	5
24.0	90.0	5
65.0	124.0	5
63.0	7.0	5
28.0	135.0	5
8.0	92.0	5
45.0	46.0	5
20.0	91.0	5
59.0	26.0	5
26.0	18.0	5
39.0	147.0	5
53.0	35.0	5
34.0	54.0	5
71.0	123.0	5
15.0	60.0	5
3.0	51.0	5
59.0	36.0	5
65.0	104.0	5
44.0	32.0	5
23.0	64.0	5
3.0	34.0	5
57.0	72.0	5
5.0	90.0	5
58.0	29.0	5
12.0	130.0	5
50.0	40.0	5
54.0	35.0	5
61.0	90.0	5
72.0	121.0	5
63.0	121.0	5
70.0	48.0	5
54.0	66.0	5
20.0	74.0	5
52.0	38.0	5
19.0	144.0	5
51.0	135.0	5
53.0	100.0	5
54.0	92.0	5
68.0	96.0	5
51.0	146.0	5
8.0	111.0	5
71.0	72.0	5
50.0	70.0	5
13.0	67.0	5
19.0	11.0	5
11.0	81.0	5
57.0	130.0	5
7.0	76.0	5
17.0	99.0	5
9.0	141.0	5
63.0	68.0	5
17.0	28.0	5
66.0	20.0	5
6.0	30.0	5
17.0	19.0	5
71.0	136.0	5
0.0	107.0	5
11.0	4.0	5
10.0	8.0	5
49.0	57.0	5
36.0	120.0	5
14.0	107.0	5
30.0	79.0	5
71.0	17.0	5
63.0	14.0	5
65.0	78.0	5
44.0	125.0	5
41.0	89.0	5
50.0	108.0	5
18.0	101.0	5
51.0	127.0	5
18.0	69.0	5
59.0	54.0	5
42.0	53.0	5
27.0	12.0	5
22.0	98.0	5
28.0	3.0	5
39.0	96.0	5
51.0	145.0	5
50.0	103.0	5
36.0	129.0	5
35.0	112.0	5
11.0	19.0	5
59.0	74.0	5
10.0	63.0	5
59.0	15.0	5
40.0	64.0	5
67.0	74.0	5
71.0	64.0	5
41.0	102.0	5
0.0	300.0	6
2.0	299.0	6
8.0	297.0	6
0.0	289.0	6
4.0	291.0	6
6.0	292.0	6
16.0	299.0	6
13.0	295.0	6
4.0	282.0	6
20.0	296.0	6
7.0	281.0	6
15.0	288.0	6
20.0	293.0	6
20.0	292.0	6
9.0	281.0	6
26.0	297.0	6
6.0	276.0	6
2.0	273.0	6
30.0	300.0	6
25.0	291.0	6
7.0	273.0	6
10.0	274.0	6
30.0	291.0	6
25.0	285.0	6
17.0	276.0	6
27.0	286.0	6
30.0	289.0	6
13.0	272.0	6
9.0	269.0	6
1.0	263.0	6
39.0	298.0	6
38.0	294.0	6
40.0	296.0	6
2.0	259.0	6
13.0	266.0	6
22.0	273.0	6
20.0	271.0	6
31.0	281.0	6
9.0	261.0	6
21.0	269.0	6
36.0	284.0	6
6.0	257.0	6
7.0	257.0	6
47.0	300.0	6
42.0	291.0	6
4.0	255.0	6
33.0	279.0	6
24.0	270.0	6
21.0	267.0	6
0.0	251.0	6
6.0	254.0	6
0.0	250.0	6
22.0	264.0	6
27.0	268.0	6
26.0	267.0	6
38.0	278.0	6
42.0	282.0	6
17.0	258.0	6
16.0	257.0	6
48.0	289.0	6
14.0	255.0	6
3.0	248.0	6
45.0	284.0	6
44.0	282.0	6
27.0	263.0	6
39.0	273.0	6
22.0	257.0	6
57.0	300.0	6
59.0	299.0	6
40.0	273.0	6
47.0	279.0	6
26.0	258.0	6
59.0	295.0	6
27.0	258.0	6
0.0	241.0	6
1.0	240.0	6
32.0	261.0	6
5.0	241.0	6
54.0	284.0	6
16.0	247.0	6
35.0	262.0	6
27.0	255.0	6
15.0	246.0	6
60.0	292.0	6
28.0	255.0	6
42.0	268.0	6
59.0	288.0	6
57.0	285.0	6
8.0	240.0	6
40.0	264.0	6
49.0	273.0	6
16.0	243.0	6
60.0	286.0	6
66.0	298.0	6
63.0	290.0	6
55.0	277.0	6
32.0	253.0	6
43.0	263.0	6
52.0	272.0	6
29.0	249.0	6
64.0	287.0	6
47.0	265.0	6
26.0	246.0	6
71.0	300.0	6
27.0	246.0	6
50.0	266.0	6
32.0	249.0	6
38.0	254.0	6
69.0	291.0	6
33.0	249.0	6
44.0	258.0	6
71.0	292.0	6
45.0	258.0	6
12.0	235.0	6
18.0	237.0	6
22.0	239.0	6
57.0	269.0	6
21.0	237.0	6
33.0	245.0	6
47.0	257.0	6
43.0	253.0	6
27.0	240.0	6
40.0	250.0	6
55.0	265.0	6
67.0	280.0	6
56.0	265.0	6
58.0	267.0	6
36.0	245.0	6
58.0	265.0	6
52.0	258.0	6
52.0	257.0	6
3.0	224.0	6
2.0	220.0	6
1.0	215.0	6
0.0	210.0	6
1.0	208.0	6
1.0	205.0	6
2.0	206.0	6
5.0	209.0	6
7.0	217.0	6
7.0	206.0	6
7.0	227.0	6
7.0	211.0	6
3.0	198.0	6
5.0	201.0	6
5.0	199.0	6
7.0	197.0	6
2.0	188.0	6
2.0	176.0	6
5.0	173.0	6
0.0	161.0	6
1.0	157.0	6
3.0	166.0	6
4.0	160.0	6
6.0	158.0	6
6.0	174.0	6
5.0	152.0	6
7.0	154.0	6
7.0	152.0	6
7.0	151.0	6
8.0	184.0	6
9.0	196.0	6
9.0	179.0	6
10.0	224.0	6
10.0	157.0	6
10.0	168.0	6
10.0	185.0	6
11.0	204.0	6
11.0	197.0	6
12.0	185.0	6
13.0	196.0	6
13.0	195.0	6
13.0	187.0	6
13.0	185.0	6
13.0	167.0	6
14.0	220.0	6
14.0	164.0	6
14.0	188.0	6
14.0	223.0	6
15.0	180.0	6
15.0	178.0	6
16.0	228.0	6
16.0	182.0	6
16.0	156.0	6
16.0	202.0	6
16.0	212.0	6
17.0	154.0	6
17.0	223.0	6
17.0	230.0	6
18.0	213.0	6
18.0	200.0	6
18.0	192.0	6
18.0	194.0	6
19.0	172.0	6
19.0	229.0	6
19.0	232.0	6
20.0	193.0	6
20.0	188.0	6
21.0	223.0	6
21.0	209.0	6
21.0	155.0	6
21.0	193.0	6
21.0	228.0	6
22.0	207.0	6
22.0	172.0	6
23.0	216.0	6
23.0	201.0	6
23.0	196.0	6
24.0	222.0	6
25.0	153.0	6
25.0	198.0	6
25.0	156.0	6
25.0	231.0	6
26.0	196.0	6
26.0	191.0	6
26.0	228.0	6
26.0	192.0	6
27.0	216.0	6
27.0	225.0	6
28.0	151.0	6
28.0	210.0	6
29.0	236.0	6
29.0	198.0	6
29.0	195.0	6
30.0	226.0	6
30.0	215.0	6
30.0	189.0	6
30.0	158.0	6
30.0	221.0	6
31.0	217.0	6
31.0	196.0	6
31.0	195.0	6
31.0	167.0	6
31.0	174.0	6
31.0	218.0	6
31.0	180.0	6
32.0	184.0	6
32.0	171.0	6
32.0	167.0	6
32.0	205.0	6
32.0	225.0	6
33.0	237.0	6
33.0	203.0	6
33.0	240.0	6
33.0	198.0	6
33.0	163.0	6
33.0	159.0	6
34.0	235.0	6
34.0	226.0	6
34.0	200.0	6
34.0	188.0	6
34.0	180.0	6
34.0	163.0	6
34.0	176.0	6
35.0	229.0	6
35.0	152.0	6
35.0	190.0	6
36.0	226.0	6
36.0	200.0	6
36.0	171.0	6
36.0	186.0	6
37.0	235.0	6
37.0	230.0	6
38.0	238.0	6
38.0	210.0	6
39.0	216.0	6
39.0	192.0	6
39.0	201.0	6
39.0	200.0	6
40.0	187.0	6
40.0	163.0	6
41.0	243.0	6
41.0	236.0	6
41.0	215.0	6
41.0	199.0	6
41.0	158.0	6
42.0	207.0	6
42.0	188.0	6
42.0	198.0	6
42.0	244.0	6
42.0	225.0	6
43.0	201.0	6
43.0	190.0	6
44.0	225.0	6
44.0	207.0	6
44.0	172.0	6
44.0	196.0	6
44.0	186.0	6
44.0	201.0	6
44.0	152.0	6
45.0	216.0	6
45.0	198.0	6
46.0	244.0	6
46.0	218.0	6
46.0	185.0	6
46.0	178.0	6
46.0	167.0	6
47.0	160.0	6
47.0	158.0	6
48.0	236.0	6
48.0	214.0	6
48.0	245.0	6
49.0	218.0	6
49.0	212.0	6
49.0	244.0	6
50.0	202.0	6
50.0	179.0	6
50.0	243.0	6
51.0	210.0	6
51.0	185.0	6
51.0	170.0	6
52.0	235.0	6
52.0	159.0	6
53.0	222.0	6
53.0	200.0	6
53.0	151.0	6
53.0	243.0	6
53.0	232.0	6
53.0	221.0	6
53.0	238.0	6
54.0	191.0	6
54.0	178.0	6
54.0	169.0	6
54.0	164.0	6
54.0	168.0	6
54.0	244.0	6
54.0	250.0	6
55.0	244.0	6
55.0	164.0	6
55.0	215.0	6
55.0	190.0	6
55.0	218.0	6
56.0	239.0	6
56.0	202.0	6
56.0	201.0	6
56.0	166.0	6
58.0	237.0	6
59.0	212.0	6
59.0	199.0	6
59.0	151.0	6
59.0	254.0	6
59.0	226.0	6
59.0	195.0	6
59.0	200.0	6
60.0	169.0	6
60.0	155.0	6
61.0	264.0	6
61.0	250.0	6
61.0	190.0	6
61.0	175.0	6
61.0	170.0	6
61.0	189.0	6
61.0	167.0	6
62.0	166.0	6
63.0	194.0	6
63.0	162.0	6
63.0	215.0	6
64.0	267.0	6
64.0	220.0	6
64.0	266.0	6
65.0	213.0	6
65.0	192.0	6
65.0	221.0	6
66.0	237.0	6
67.0	262.0	6
67.0	226.0	6
67.0	274.0	6
67.0	174.0	6
67.0	251.0	6
68.0	247.0	6
68.0	170.0	6
77.0	289.0	6
72.0	278.0	6
77.0	276.0	6
74.0	276.0	6
70.0	275.0	6
78.0	270.0	6
75.0	268.0	6
75.0	257.0	6
71.0	244.0	6
76.0	243.0	6
70.0	243.0	6
73.0	240.0	6
71.0	236.0	6
70.0	230.0	6
69.0	229.0	6
73.0	223.0	6
76.0	202.0	6
70.0	192.0	6
69.0	176.0	6
71.0	175.0	6
69.0	173.0	6
72.0	168.0	6
72.0	166.0	6
74.0	246.0	6
71.0	219.0	6
74.0	193.0	6
73.0	232.0	6
71.0	227.0	6
71.0	164.0	6
74.0	224.0	6
78.0	223.0	6
68.0	195.0	6
79.0	248.0	6
70.0	207.0	6
79.0	220.0	6
69.0	222.0	6
69.0	275.0	6
79.0	215.0	6
77.0	272.0	6
68.0	194.0	6
79.0	209.0	6
77.0	285.0	6
72.0	199.0	6
77.0	240.0	6
75.0	246.0	6
54.0	154.0	6
15.0	275.0	6
2.0	268.0	6
65.0	250.0	6
18.0	256.0	6
71.0	294.0	6
57.0	264.0	6
1.0	277.0	6
63.0	297.0	6
34.0	281.0	6
29.0	178.0	6
46.0	243.0	6
57.0	177.0	6
52.0	256.0	6
55.0	249.0	6
33.0	180.0	6
44.0	216.0	6
43.0	153.0	6
64.0	292.0	6
1.0	300.0	6
7.0	259.0	6
5.0	262.0	6
19.0	193.0	6
64.0	288.0	6
60.0	171.0	6
64.0	206.0	6
5.0	281.0	6
28.0	208.0	6
6.0	230.0	6
34.0	271.0	6
29.0	175.0	6
29.0	259.0	6
10.0	213.0	6
11.0	194.0	6
18.0	177.0	6
40.0	190.0	6
14.0	159.0	6
19.0	192.0	6
55.0	242.0	6
65.0	278.0	6
12.0	256.0	6
35.0	195.0	6
16.0	274.0	6
50.0	250.0	6
60.0	290.0	6
43.0	185.0	6
2.0	287.0	6
12.0	282.0	6
56.0	290.0	6
62.0	245.0	6
48.0	164.0	6
35.0	261.0	6
2.0	197.0	6
5.0	230.0	6
21.0	212.0	6
20.0	181.0	6
13.0	251.0	6
10.0	226.0	6
67.0	198.0	6
23.0	277.0	6
71.0	251.0	6
41.0	165.0	6
12.0	165.0	6
8.0	268.0	6
71.0	273.0	6
72.0	184.0	6
12.0	221.0	6
7.0	255.0	6
40.0	295.0	6
11.0	211.0	6
23.0	174.0	6
48.0	159.0	6
7.0	278.0	6
55.0	260.0	6
58.0	296.0	6
34.0	278.0	6
32.0	154.0	6
42.0	280.0	6
60.0	254.0	6
74.0	234.0	6
21.0	191.0	6
32.0	220.0	6
2.0	184.0	6
21.0	181.0	6
2.0	235.0	6
38.0	249.0	6
70.0	227.0	6
4.0	172.0	6
70.0	197.0	6
75.0	187.0	6
71.0	194.0	6
11.0	231.0	6
31.0	182.0	6
29.0	218.0	6
30.0	202.0	6
37.0	227.0	6
29.0	247.0	6
28.0	213.0	6
49.0	168.0	6
54.0	239.0	6
14.0	203.0	6
43.0	154.0	6
34.0	203.0	6
66.0	189.0	6
45.0	209.0	6
12.0	155.0	6
33.0	201.0	6
19.0	285.0	6
63.0	154.0	6
29.0	239.0	6
15.0	298.0	6
32.0	172.0	6
65.0	180.0	6
54.0	269.0	6
22.0	206.0	6
71.0	231.0	6
16.0	262.0	6
46.0	221.0	6
5.0	258.0	6
75.0	279.0	6
3.0	185.0	6
34.0	273.0	6
58.0	206.0	6
74.0	195.0	6
34.0	210.0	6
42.0	254.0	6
1.0	209.0	6
53.0	161.0	6
13.0	212.0	6
65.0	279.0	6
19.0	242.0	6
18.0	226.0	6
72.0	225.0	6
41.0	261.0	6
27.0	295.0	6
75.0	273.0	6
49.0	268.0	6
59.0	269.0	6
15.0	291.0	6
1.0	286.0	6
2.0	250.0	6
58.0	157.0	6
34.0	155.0	6
53.0	246.0	6
9.0	152.0	6
10.0	273.0	6
38.0	300.0	6
37.0	215.0	6
15.0	256.0	6
14.0	234.0	6
35.0	231.0	6
8.0	203.0	6
54.0	280.0	6
60.0	284.0	6
59.0	170.0	6
12.0	172.0	6
28.0	257.0	6
15.0	296.0	6
61.0	273.0	6
26.0	281.0	6
38.0	220.0	6
15.0	231.0	6
56.0	225.0	6
72.0	213.0	6
15.0	244.0	6
46.0	257.0	6
45.0	172.0	6
15.0	171.0	6
37.0	192.0	6
7.0	159.0	6
42.0	258.0	6
58.0	177.0	6
47.0	217.0	6
58.0	278.0	6
15.0	202.0	6
0.0	230.0	6
75.0	277.0	6
14.0	211.0	6
67.0	257.0	6
72.0	177.0	6
5.0	237.0	6
16.0	226.0	6
60.0	195.0	6
4.0	166.0	6
24.0	292.0	6
52.0	222.0	6
50.0	194.0	6
32.0	288.0	6
44.0	187.0	6
51.0	248.0	6
18.0	218.0	6
54.0	229.0	6
17.0	214.0	6
70.0	187.0	6
1.0	237.0	6
37.0	284.0	6
28.0	249.0	6
11.0	230.0	6
48.0	185.0	6
35.0	212.0	6
41.0	265.0	6
28.0	223.0	6
63.0	298.0	6
14.0	269.0	6
15.0	191.0	6
65.0	223.0	6
7.0	245.0	6
18.0	251.0	6
155.0	4.0	7
164.0	0.0	7
159.0	13.0	7
167.0	5.0	7
164.0	9.0	7
171.0	3.0	7
163.0	13.0	7
155.0	22.0	7
173.0	5.0	7
158.0	24.0	7
160.0	23.0	7
168.0	17.0	7
176.0	7.0	7
178.0	6.0	7
180.0	3.0	7
166.0	21.0	7
170.0	17.0	7
173.0	14.0	7
171.0	17.0	7
185.0	1.0	7
182.0	7.0	7
179.0	11.0	7
187.0	0.0	7
176.0	16.0	7
172.0	21.0	7
161.0	31.0	7
164.0	30.0	7
162.0	32.0	7
190.0	0.0	7
183.0	12.0	7
180.0	16.0	7
172.0	26.0	7
160.0	37.0	7
182.0	15.0	7
160.0	39.0	7
171.0	29.0	7
191.0	5.0	7
170.0	32.0	7
174.0	28.0	7
189.0	11.0	7
187.0	14.0	7
169.0	35.0	7
165.0	39.0	7
190.0	11.0	7
166.0	39.0	7
174.0	31.0	7
169.0	38.0	7
193.0	10.0	7
198.0	1.0	7
191.0	14.0	7
183.0	25.0	7
197.0	6.0	7
201.0	0.0	7
157.0	49.0	7
165.0	45.0	7
170.0	41.0	7
176.0	36.0	7
156.0	53.0	7
177.0	36.0	7
168.0	45.0	7
193.0	17.0	7
183.0	30.0	7
159.0	53.0	7
174.0	40.0	7
160.0	53.0	7
195.0	17.0	7
201.0	8.0	7
182.0	34.0	7
174.0	43.0	7
195.0	19.0	7
185.0	33.0	7
166.0	52.0	7
205.0	4.0	7
203.0	9.0	7
185.0	34.0	7
159.0	57.0	7
159.0	58.0	7
202.0	12.0	7
199.0	17.0	7
195.0	23.0	7
204.0	10.0	7
207.0	5.0	7
207.0	6.0	7
209.0	3.0	7
158.0	61.0	7
182.0	42.0	7
176.0	48.0	7
162.0	60.0	7
161.0	61.0	7
170.0	54.0	7
171.0	54.0	7
165.0	59.0	7
203.0	20.0	7
207.0	14.0	7
158.0	65.0	7
161.0	64.0	7
203.0	21.0	7
192.0	36.0	7
211.0	8.0	7
167.0	61.0	7
170.0	59.0	7
186.0	46.0	7
195.0	36.0	7
211.0	13.0	7
168.0	63.0	7
187.0	46.0	7
178.0	55.0	7
196.0	36.0	7
207.0	21.0	7
193.0	40.0	7
181.0	53.0	7
163.0	67.0	7
162.0	68.0	7
214.0	8.0	7
212.0	14.0	7
157.0	71.0	7
172.0	62.0	7
202.0	31.0	7
215.0	10.0	7
204.0	29.0	7
206.0	27.0	7
180.0	57.0	7
172.0	64.0	7
184.0	54.0	7
215.0	14.0	7
203.0	33.0	7
189.0	50.0	7
160.0	73.0	7
159.0	74.0	7
170.0	67.0	7
163.0	72.0	7
211.0	22.0	7
190.0	50.0	7
214.0	18.0	7
221.0	0.0	7
219.0	7.0	7
198.0	42.0	7
188.0	53.0	7
211.0	24.0	7
202.0	37.0	7
202.0	38.0	7
181.0	61.0	7
162.0	75.0	7
170.0	70.0	7
216.0	18.0	7
163.0	75.0	7
207.0	33.0	7
203.0	39.0	7
204.0	38.0	7
224.0	2.0	7
198.0	46.0	7
167.0	74.0	7
184.0	61.0	7
205.0	38.0	7
197.0	48.0	7
194.0	52.0	7
219.0	19.0	7
204.0	43.0	7
182.0	66.0	7
227.0	2.0	7
222.0	16.0	7
178.0	70.0	7
199.0	51.0	7
225.0	12.0	7
212.0	35.0	7
198.0	53.0	7
212.0	36.0	7
214.0	33.0	7
193.0	59.0	7
187.0	65.0	7
168.0	78.0	7
177.0	74.0	7
209.0	44.0	7
211.0	42.0	7
188.0	68.0	7
178.0	76.0	7
220.0	30.0	7
213.0	41.0	7
177.0	77.0	7
222.0	27.0	7
218.0	34.0	7
159.0	85.0	7
170.0	81.0	7
161.0	86.0	7
156.0	88.0	7
160.0	88.0	7
187.0	70.0	7
185.0	72.0	7
223.0	27.0	7
205.0	53.0	7
173.0	81.0	7
183.0	74.0	7
211.0	46.0	7
180.0	77.0	7
220.0	34.0	7
196.0	64.0	7
182.0	76.0	7
213.0	45.0	7
161.0	89.0	7
159.0	90.0	7
230.0	14.0	7
215.0	44.0	7
182.0	78.0	7
189.0	73.0	7
203.0	60.0	7
196.0	67.0	7
232.0	13.0	7
220.0	40.0	7
197.0	68.0	7
235.0	9.0	7
205.0	61.0	7
206.0	60.0	7
218.0	45.0	7
194.0	72.0	7
163.0	92.0	7
173.0	88.0	7
219.0	45.0	7
238.0	6.0	7
238.0	10.0	7
202.0	67.0	7
238.0	12.0	7
193.0	76.0	7
204.0	66.0	7
206.0	64.0	7
215.0	54.0	7
174.0	90.0	7
182.0	85.0	7
200.0	71.0	7
188.0	81.0	7
220.0	48.0	7
205.0	67.0	7
163.0	95.0	7
156.0	101.0	7
155.0	104.0	7
158.0	103.0	7
160.0	105.0	7
163.0	103.0	7
162.0	107.0	7
162.0	108.0	7
166.0	96.0	7
169.0	104.0	7
170.0	99.0	7
162.0	117.0	7
163.0	118.0	7
159.0	124.0	7
160.0	124.0	7
159.0	129.0	7
161.0	130.0	7
165.0	129.0	7
162.0	134.0	7
165.0	135.0	7
166.0	130.0	7
162.0	140.0	7
167.0	127.0	7
166.0	142.0	7
168.0	120.0	7
168.0	119.0	7
169.0	110.0	7
169.0	128.0	7
169.0	139.0	7
168.0	144.0	7
170.0	118.0	7
171.0	120.0	7
172.0	102.0	7
173.0	121.0	7
173.0	125.0	7
175.0	114.0	7
175.0	125.0	7
175.0	109.0	7
176.0	120.0	7
176.0	93.0	7
176.0	115.0	7
177.0	124.0	7
177.0	98.0	7
177.0	92.0	7
178.0	94.0	7
179.0	102.0	7
179.0	100.0	7
180.0	100.0	7
180.0	109.0	7
181.0	108.0	7
181.0	119.0	7
182.0	90.0	7
183.0	99.0	7
183.0	112.0	7
183.0	107.0	7
184.0	145.0	7
185.0	145.0	7
185.0	124.0	7
185.0	132.0	7
186.0	143.0	7
186.0	87.0	7
187.0	137.0	7
187.0	128.0	7
187.0	144.0	7
188.0	84.0	7
188.0	93.0	7
188.0	111.0	7
189.0	103.0	7
189.0	131.0	7
189.0	112.0	7
190.0	83.0	7
190.0	119.0	7
190.0	95.0	7
190.0	146.0	7
191.0	120.0	7
191.0	124.0	7
191.0	106.0	7
191.0	114.0	7
191.0	104.0	7
192.0	136.0	7
192.0	108.0	7
192.0	130.0	7
193.0	108.0	7
193.0	116.0	7
194.0	93.0	7
194.0	102.0	7
194.0	105.0	7
194.0	123.0	7
195.0	96.0	7
196.0	79.0	7
196.0	80.0	7
196.0	86.0	7
196.0	120.0	7
196.0	111.0	7
197.0	111.0	7
197.0	134.0	7
197.0	103.0	7
198.0	129.0	7
198.0	133.0	7
198.0	138.0	7
198.0	113.0	7
199.0	123.0	7
199.0	126.0	7
199.0	88.0	7
199.0	128.0	7
202.0	104.0	7
202.0	75.0	7
202.0	77.0	7
203.0	101.0	7
203.0	73.0	7
204.0	79.0	7
204.0	90.0	7
206.0	124.0	7
206.0	78.0	7
208.0	116.0	7
208.0	127.0	7
208.0	73.0	7
209.0	93.0	7
209.0	107.0	7
209.0	132.0	7
209.0	133.0	7
209.0	112.0	7
209.0	65.0	7
209.0	102.0	7
209.0	84.0	7
210.0	92.0	7
210.0	134.0	7
210.0	70.0	7
210.0	96.0	7
210.0	105.0	7
210.0	110.0	7
211.0	104.0	7
211.0	129.0	7
211.0	96.0	7
212.0	82.0	7
212.0	112.0	7
212.0	125.0	7
212.0	113.0	7
213.0	126.0	7
213.0	139.0	7
214.0	85.0	7
214.0	94.0	7
214.0	115.0	7
214.0	146.0	7
214.0	59.0	7
214.0	113.0	7
215.0	126.0	7
215.0	109.0	7
215.0	86.0	7
215.0	81.0	7
216.0	64.0	7
216.0	105.0	7
216.0	65.0	7
216.0	134.0	7
217.0	64.0	7
217.0	107.0	7
217.0	145.0	7
217.0	101.0	7
217.0	143.0	7
217.0	108.0	7
217.0	102.0	7
218.0	108.0	7
218.0	115.0	7
218.0	131.0	7
218.0	121.0	7
218.0	138.0	7
219.0	71.0	7
219.0	87.0	7
219.0	133.0	7
219.0	63.0	7
220.0	99.0	7
220.0	59.0	7
220.0	92.0	7
220.0	143.0	7
220.0	119.0	7
221.0	49.0	7
223.0	86.0	7
223.0	111.0	7
223.0	137.0	7
223.0	59.0	7
224.0	49.0	7
224.0	98.0	7
224.0	89.0	7
224.0	107.0	7
225.0	49.0	7
225.0	78.0	7
225.0	107.0	7
176.0	107.0	7
216.0	29.0	7
173.0	118.0	7
233.0	123.0	7
238.0	66.0	7
197.0	46.0	7
227.0	11.0	7
178.0	20.0	7
204.0	49.0	7
181.0	139.0	7
205.0	12.0	7
211.0	145.0	7
202.0	132.0	7
162.0	49.0	7
177.0	34.0	7
158.0	133.0	7
207.0	76.0	7
211.0	142.0	7
181.0	96.0	7
237.0	30.0	7
177.0	50.0	7
233.0	93.0	7
217.0	43.0	7
167.0	60.0	7
161.0	93.0	7
224.0	68.0	7
227.0	99.0	7
220.0	65.0	7
182.0	2.0	7
164.0	75.0	7
193.0	91.0	7
218.0	112.0	7
215.0	98.0	7
190.0	16.0	7
169.0	131.0	7
182.0	64.0	7
161.0	50.0	7
158.0	9.0	7
169.0	63.0	7
155.0	10.0	7
190.0	102.0	7
236.0	24.0	7
218.0	84.0	7
186.0	63.0	7
208.0	34.0	7
177.0	61.0	7
210.0	55.0	7
226.0	18.0	7
205.0	29.0	7
157.0	58.0	7
169.0	123.0	7
189.0	135.0	7
220.0	14.0	7
166.0	2.0	7
218.0	111.0	7
206.0	112.0	7
198.0	56.0	7
205.0	100.0	7
159.0	12.0	7
177.0	115.0	7
233.0	68.0	7
223.0	44.0	7
189.0	7.0	7
179.0	110.0	7
198.0	70.0	7
193.0	21.0	7
164.0	107.0	7
220.0	116.0	7
228.0	36.0	7
168.0	136.0	7
212.0	24.0	7
209.0	143.0	7
169.0	78.0	7
225.0	103.0	7
223.0	117.0	7
237.0	6.0	7
175.0	52.0	7
189.0	94.0	7
209.0	20.0	7
201.0	30.0	7
206.0	129.0	7
213.0	20.0	7
172.0	94.0	7
165.0	28.0	7
210.0	97.0	7
226.0	24.0	7
228.0	126.0	7
176.0	81.0	7
169.0	101.0	7
218.0	40.0	7
201.0	61.0	7
165.0	107.0	7
168.0	95.0	7
236.0	65.0	7
161.0	123.0	7
227.0	101.0	7
238.0	123.0	7
184.0	33.0	7
230.0	4.0	7
225.0	64.0	7
179.0	78.0	7
213.0	74.0	7
172.0	45.0	7
194.0	8.0	7
180.0	36.0	7
174.0	80.0	7
208.0	85.0	7
213.0	36.0	7
166.0	98.0	7
172.0	108.0	7
215.0	38.0	7
156.0	141.0	7
171.0	121.0	7
213.0	134.0	7
205.0	13.0	7
180.0	37.0	7
224.0	90.0	7
207.0	40.0	7
176.0	17.0	7
238.0	122.0	7
201.0	142.0	7
191.0	67.0	7
236.0	142.0	7
214.0	138.0	7
220.0	114.0	7
166.0	87.0	7
183.0	4.0	7
225.0	74.0	7
222.0	41.0	7
178.0	22.0	7
167.0	96.0	7
185.0	121.0	7
171.0	93.0	7
210.0	72.0	7
157.0	57.0	7
212.0	58.0	7
216.0	146.0	7
238.0	30.0	7
171.0	130.0	7
179.0	34.0	7
178.0	119.0	7
237.0	49.0	7
186.0	1.0	7
197.0	145.0	7
204.0	114.0	7
184.0	77.0	7
216.0	27.0	7
168.0	94.0	7
215.0	77.0	7
166.0	4.0	7
162.0	90.0	7
155.0	43.0	7
214.0	32.0	7
174.0	9.0	7
224.0	5.0	7
217.0	81.0	7
232.0	23.0	7
185.0	95.0	7
198.0	21.0	7
231.0	142.0	7
217.0	22.0	7
202.0	2.0	7
198.0	107.0	7
232.0	79.0	7
157.0	16.0	7
160.0	63.0	7
164.0	74.0	7
195.0	139.0	7
159.0	3.0	7
156.0	117.0	7
235.0	39.0	7
183.0	56.0	7
224.0	101.0	7
175.0	41.0	7
171.0	13.0	7
175.0	145.0	7
171.0	56.0	7
202.0	48.0	7
163.0	85.0	7
162.0	115.0	7
216.0	117.0	7
236.0	58.0	7
166.0	102.0	7
179.0	134.0	7
169.0	138.0	7
155.0	131.0	7
189.0	71.0	7
214.0	142.0	7
196.0	49.0	7
237.0	105.0	7
218.0	27.0	7
225.0	20.0	7
234.0	95.0	7
235.0	63.0	7
187.0	100.0	7
235.0	1.0	7
202.0	113.0	7
235.0	91.0	7
180.0	94.0	7
230.0	20.0	7
168.0	33.0	7
176.0	126.0	7
182.0	123.0	7
229.0	34.0	7
178.0	74.0	7
180.0	23.0	7
174.0	107.0	7
158.0	120.0	7
189.0	121.0	7
208.0	131.0	7
184.0	5.0	7
299.0	147.0	8
295.0	168.0	8
297.0	171.0	8
283.0	156.0	8
286.0	160.0	8
278.0	152.0	8
292.0	168.0	8
281.0	157.0	8
283.0	160.0	8
279.0	157.0	8
295.0	173.0	8
297.0	176.0	8
279.0	159.0	8
296.0	176.0	8
289.0	170.0	8
281.0	162.0	8
272.0	150.0	8
276.0	156.0	8
281.0	163.0	8
276.0	158.0	8
275.0	157.0	8
286.0	170.0	8
283.0	167.0	8
271.0	154.0	8
296.0	180.0	8
275.0	160.0	8
280.0	167.0	8
277.0	164.0	8
292.0	179.0	8
285.0	173.0	8
291.0	180.0	8
278.0	168.0	8
270.0	159.0	8
275.0	166.0	8
281.0	174.0	8
264.0	153.0	8
280.0	174.0	8
258.0	147.0	8
262.0	154.0	8
277.0	175.0	8
259.0	154.0	8
287.0	184.0	8
286.0	185.0	8
277.0	177.0	8
290.0	188.0	8
276.0	177.0	8
259.0	158.0	8
266.0	167.0	8
261.0	162.0	8
282.0	185.0	8
253.0	149.0	8
262.0	165.0	8
292.0	193.0	8
277.0	184.0	8
284.0	191.0	8
278.0	186.0	8
268.0	176.0	8
287.0	194.0	8
299.0	201.0	8
270.0	179.0	8
272.0	182.0	8
257.0	166.0	8
287.0	197.0	8
292.0	202.0	8
266.0	180.0	8
290.0	202.0	8
245.0	149.0	8
242.0	147.0	8
284.0	199.0	8
260.0	176.0	8
298.0	207.0	8
300.0	208.0	8
263.0	180.0	8
248.0	161.0	8
245.0	157.0	8
275.0	193.0	8
253.0	169.0	8
248.0	162.0	8
246.0	159.0	8
249.0	164.0	8
253.0	170.0	8
275.0	194.0	8
293.0	208.0	8
266.0	186.0	8
265.0	185.0	8
296.0	210.0	8
290.0	207.0	8
288.0	206.0	8
266.0	188.0	8
256.0	177.0	8
295.0	211.0	8
239.0	152.0	8
239.0	153.0	8
276.0	199.0	8
282.0	204.0	8
280.0	204.0	8
263.0	189.0	8
247.0	170.0	8
246.0	169.0	8
254.0	180.0	8
235.0	149.0	8
237.0	155.0	8
237.0	156.0	8
280.0	206.0	8
281.0	207.0	8
272.0	200.0	8
264.0	194.0	8
257.0	187.0	8
244.0	172.0	8
238.0	164.0	8
246.0	176.0	8
293.0	216.0	8
243.0	172.0	8
236.0	161.0	8
275.0	207.0	8
267.0	201.0	8
250.0	184.0	8
239.0	171.0	8
278.0	212.0	8
231.0	154.0	8
293.0	220.0	8
228.0	150.0	8
227.0	148.0	8
236.0	168.0	8
274.0	211.0	8
247.0	185.0	8
270.0	208.0	8
236.0	170.0	8
300.0	225.0	8
270.0	209.0	8
250.0	190.0	8
275.0	213.0	8
244.0	183.0	8
238.0	175.0	8
233.0	167.0	8
236.0	173.0	8
229.0	161.0	8
269.0	210.0	8
241.0	181.0	8
226.0	155.0	8
226.0	156.0	8
291.0	225.0	8
263.0	206.0	8
241.0	182.0	8
244.0	186.0	8
277.0	217.0	8
247.0	190.0	8
271.0	213.0	8
252.0	196.0	8
267.0	210.0	8
224.0	153.0	8
279.0	220.0	8
256.0	202.0	8
241.0	186.0	8
233.0	175.0	8
241.0	187.0	8
243.0	190.0	8
273.0	218.0	8
268.0	215.0	8
252.0	202.0	8
274.0	221.0	8
244.0	195.0	8
250.0	202.0	8
300.0	235.0	8
295.0	234.0	8
300.0	244.0	8
295.0	243.0	8
294.0	240.0	8
294.0	245.0	8
292.0	237.0	8
289.0	236.0	8
291.0	248.0	8
292.0	253.0	8
297.0	262.0	8
296.0	263.0	8
300.0	270.0	8
298.0	269.0	8
300.0	273.0	8
300.0	277.0	8
296.0	273.0	8
299.0	282.0	8
299.0	288.0	8
297.0	289.0	8
296.0	285.0	8
294.0	280.0	8
294.0	259.0	8
294.0	288.0	8
293.0	294.0	8
295.0	300.0	8
290.0	293.0	8
289.0	282.0	8
289.0	274.0	8
288.0	292.0	8
288.0	284.0	8
288.0	285.0	8
287.0	298.0	8
287.0	290.0	8
287.0	240.0	8
287.0	236.0	8
286.0	276.0	8
285.0	299.0	8
285.0	297.0	8
285.0	287.0	8
285.0	268.0	8
284.0	284.0	8
284.0	267.0	8
284.0	260.0	8
283.0	246.0	8
282.0	289.0	8
282.0	258.0	8
282.0	254.0	8
281.0	231.0	8
281.0	237.0	8
281.0	279.0	8
280.0	238.0	8
280.0	281.0	8
279.0	270.0	8
279.0	267.0	8
278.0	225.0	8
278.0	252.0	8
277.0	266.0	8
276.0	271.0	8
276.0	262.0	8
276.0	267.0	8
275.0	272.0	8
275.0	267.0	8
275.0	261.0	8
275.0	263.0	8
275.0	288.0	8
274.0	233.0	8
274.0	283.0	8
274.0	271.0	8
273.0	255.0	8
273.0	289.0	8
272.0	225.0	8
272.0	231.0	8
271.0	278.0	8
271.0	223.0	8
271.0	235.0	8
271.0	255.0	8
270.0	291.0	8
270.0	271.0	8
270.0	245.0	8
270.0	249.0	8
270.0	226.0	8
269.0	255.0	8
269.0	276.0	8
269.0	264.0	8
268.0	234.0	8
268.0	220.0	8
268.0	237.0	8
268.0	288.0	8
268.0	299.0	8
267.0	296.0	8
267.0	275.0	8
267.0	249.0	8
267.0	248.0	8
266.0	259.0	8
266.0	224.0	8
265.0	248.0	8
265.0	236.0	8
265.0	225.0	8
265.0	257.0	8
264.0	294.0	8
264.0	279.0	8
264.0	221.0	8
263.0	245.0	8
263.0	283.0	8
263.0	239.0	8
262.0	276.0	8
262.0	229.0	8
262.0	221.0	8
262.0	290.0	8
262.0	237.0	8
262.0	248.0	8
261.0	300.0	8
261.0	289.0	8
261.0	256.0	8
261.0	238.0	8
261.0	295.0	8
260.0	269.0	8
260.0	237.0	8
259.0	233.0	8
258.0	272.0	8
258.0	220.0	8
258.0	274.0	8
258.0	235.0	8
258.0	268.0	8
257.0	226.0	8
257.0	281.0	8
256.0	209.0	8
255.0	233.0	8
255.0	260.0	8
254.0	238.0	8
253.0	297.0	8
253.0	290.0	8
253.0	222.0	8
253.0	295.0	8
253.0	234.0	8
252.0	284.0	8
252.0	210.0	8
252.0	206.0	8
252.0	205.0	8
252.0	264.0	8
251.0	242.0	8
250.0	284.0	8
250.0	236.0	8
250.0	219.0	8
250.0	244.0	8
250.0	269.0	8
250.0	212.0	8
248.0	265.0	8
248.0	209.0	8
248.0	216.0	8
248.0	285.0	8
248.0	292.0	8
247.0	259.0	8
247.0	228.0	8
247.0	292.0	8
246.0	278.0	8
246.0	240.0	8
245.0	293.0	8
245.0	240.0	8
245.0	203.0	8
245.0	228.0	8
245.0	215.0	8
245.0	289.0	8
244.0	290.0	8
244.0	220.0	8
244.0	197.0	8
244.0	208.0	8
244.0	255.0	8
244.0	294.0	8
244.0	258.0	8
243.0	263.0	8
243.0	214.0	8
243.0	208.0	8
243.0	273.0	8
243.0	275.0	8
243.0	252.0	8
243.0	219.0	8
242.0	290.0	8
242.0	270.0	8
242.0	201.0	8
242.0	251.0	8
242.0	256.0	8
241.0	250.0	8
241.0	208.0	8
240.0	299.0	8
240.0	298.0	8
240.0	230.0	8
240.0	198.0	8
240.0	197.0	8
240.0	195.0	8
240.0	218.0	8
239.0	240.0	8
239.0	214.0	8
239.0	208.0	8
238.0	260.0	8
238.0	222.0	8
238.0	217.0	8
238.0	212.0	8
238.0	211.0	8
238.0	258.0	8
238.0	227.0	8
237.0	273.0	8
237.0	226.0	8
237.0	203.0	8
237.0	277.0	8
236.0	283.0	8
236.0	221.0	8
236.0	218.0	8
236.0	209.0	8
236.0	189.0	8
235.0	288.0	8
235.0	249.0	8
235.0	214.0	8
235.0	232.0	8
234.0	283.0	8
234.0	201.0	8
234.0	208.0	8
233.0	295.0	8
233.0	208.0	8
233.0	192.0	8
233.0	191.0	8
232.0	183.0	8
232.0	289.0	8
232.0	274.0	8
232.0	213.0	8
232.0	190.0	8
232.0	209.0	8
231.0	296.0	8
231.0	273.0	8
231.0	243.0	8
231.0	226.0	8
231.0	189.0	8
230.0	182.0	8
230.0	196.0	8
230.0	240.0	8
230.0	257.0	8
230.0	205.0	8
230.0	267.0	8
230.0	255.0	8
229.0	275.0	8
229.0	266.0	8
229.0	253.0	8
229.0	238.0	8
229.0	216.0	8
229.0	184.0	8
229.0	267.0	8
229.0	255.0	8
229.0	282.0	8
228.0	271.0	8
228.0	194.0	8
228.0	235.0	8
227.0	216.0	8
227.0	204.0	8
227.0	271.0	8
257.0	278.0	8
293.0	215.0	8
248.0	205.0	8
265.0	267.0	8
232.0	214.0	8
253.0	181.0	8
269.0	262.0	8
273.0	182.0	8
300.0	193.0	8
242.0	165.0	8
229.0	206.0	8
292.0	276.0	8
286.0	270.0	8
255.0	236.0	8
241.0	248.0	8
262.0	257.0	8
276.0	219.0	8
244.0	187.0	8
280.0	198.0	8
276.0	238.0	8
298.0	195.0	8
230.0	191.0	8
300.0	190.0	8
232.0	172.0	8
231.0	287.0	8
245.0	169.0	8
235.0	222.0	8
296.0	192.0	8
280.0	225.0	8
300.0	213.0	8
282.0	213.0	8
242.0	188.0	8
290.0	183.0	8
296.0	236.0	8
295.0	200.0	8
299.0	172.0	8
291.0	230.0	8
259.0	237.0	8
275.0	233.0	8
287.0	280.0	8
259.0	265.0	8
236.0	246.0	8
241.0	264.0	8
279.0	251.0	8
230.0	201.0	8
291.0	283.0	8
295.0	267.0	8
253.0	284.0	8
239.0	190.0	8
285.0	186.0	8
300.0	297.0	8
236.0	182.0	8
273.0	299.0	8
297.0	300.0	8
270.0	268.0	8
255.0	222.0	8
261.0	258.0	8
275.0	206.0	8
258.0	285.0	8
274.0	164.0	8
284.0	271.0	8
264.0	198.0	8
274.0	256.0	8
251.0	180.0	8
258.0	217.0	8
292.0	280.0	8
278.0	256.0	8
282.0	265.0	8
268.0	198.0	8
264.0	242.0	8
263.0	235.0	8
259.0	218.0	8
290.0	224.0	8
237.0	286.0	8
263.0	150.0	8
244.0	193.0	8
288.0	236.0	8
261.0	247.0	8
251.0	195.0	8
251.0	230.0	8
256.0	236.0	8
250.0	230.0	8
290.0	247.0	8
274.0	258.0	8
253.0	246.0	8
267.0	213.0	8
300.0	221.0	8
230.0	206.0	8
256.0	158.0	8
261.0	264.0	8
264.0	199.0	8
299.0	215.0	8
282.0	290.0	8
293.0	245.0	8
229.0	258.0	8
229.0	276.0	8
292.0	215.0	8
247.0	186.0	8
292.0	190.0	8
262.0	149.0	8
279.0	298.0	8
300.0	276.0	8
270.0	221.0	8
243.0	283.0	8
278.0	276.0	8
245.0	192.0	8
229.0	189.0	8
232.0	251.0	8
300.0	290.0	8
294.0	265.0	8
243.0	235.0	8
267.0	254.0	8
234.0	243.0	8
267.0	186.0	8
255.0	175.0	8
286.0	194.0	8
248.0	222.0	8
253.0	289.0	8
247.0	279.0	8
252.0	195.0	8
247.0	200.0	8
268.0	218.0	8
274.0	298.0	8
251.0	290.0	8
281.0	282.0	8
292.0	150.0	8
265.0	229.0	8
236.0	272.0	8
265.0	246.0	8
236.0	270.0	8
258.0	211.0	8
239.0	189.0	8
293.0	221.0	8
289.0	246.0	8
276.0	222.0	8
286.0	284.0	8
239.0	184.0	8
265.0	290.0	8
237.0	160.0	8
259.0	174.0	8
228.0	283.0	8
275.0	235.0	8
272.0	273.0	8
261.0	240.0	8
281.0	274.0	8
262.0	187.0	8
283.0	154.0	8
240.0	228.0	8
293.0	156.0	8
285.0	169.0	8
269.0	167.0	8
277.0	205.0	8
293.0	281.0	8
291.0	183.0	8
277.0	191.0	8
244.0	216.0	8
297.0	275.0	8
246.0	218.0	8
243.0	286.0	8
242.0	245.0	8
286.0	166.0	8
267.0	190.0	8
252.0	188.0	8
245.0	281.0	8
248.0	223.0	8
239.0	271.0	8
237.0	177.0	8
288.0	260.0	8
263.0	243.0	8
249.0	182.0	8
298.0	183.0	8
252.0	152.0	8
289.0	238.0	8
255.0	172.0	8
241.0	232.0	8
275.0	247.0	8
282.0	275.0	8
266.0	155.0	8
287.0	284.0	8
261.0	177.0	8
281.0	150.0	8
293.0	233.0	8
269.0	219.0	8
286.0	201.0	8
254.0	300.0	8
248.0	266.0	8